phos	CO96	AS62	QR188
0	385	22	0	390	610	0	359	256	0	443	646
0	640	25	0	492	550	0	437	270	0	464	496
0	334	24	1	467	656	1	335	219	1	451	685
0	595	23	1	442	702	1	329	204	1	445	642
0	511	22	2	338	708	1	341	234	1	346	657
0	590	26	2	469	700	1	437	325	2	417	677
0	508	22	2	356	776	1	326	275	1	447	658
1	554	27	2	485	706	1	361	279	2	306	882
bglu	CO96	AS62	QR188
0	442	0	0	458	452	0	433	255	1	361	1576
0	478	2	1	489	387	0	429	331	0	451	1571
0	494	2	0	27	484	1	322	176	1	449	1472
0	482	2	2	28	399	2	274	312	1	457	1678
0	534	2	2	27	481	1	328	243	2	441	1727
1	534	2	1	352	357	2	494	293	2	393	1681
1	448	2	2	343	495	1	333	250	2	440	1744
1	410	2	2	242	492	2	456	275	2	356	1690
lap	CO96	AS62	QR188
0	222	41	0	390	49	0	268	48	0	270	56
0	328	47	0	387	48	0	349	44	0	323	55
0	204	48	0	425	46	0	245	46	0	328	51
0	225	40	0	395	51	0	252	47	0	388	59
0	200	43	0	317	46	1	290	46	1	383	53
0	190	42	1	335	47	1	265	46	0	379	55
0	213	46	1	433	54	0	279	50	1	373	54
0	231	47	1	386	49	1	313	50	0	375	58
nag	CO96	AS62	QR188
0	379	0	0	359	385	0	401	518	0	300	804
0	398	2	0	387	289	0	408	416	0	298	1086
0	371	2	1	323	346	1	362	318	1	380	648
0	476	2	1	309	350	1	344	555	1	268	1062
1	335	2	1	323	320	1	337	375	2	255	844
1	339	2	1	352	261	1	313	684	2	257	873
0	459	3	2	433	236	1	390	313	2	339	922
1	320	3	2	288	302	2	421	525	2	275	1289
bxyl	CO96	AS62	QR188
0	333	5	0	374	41	0	292	39	0	332	184
0	442	7	0	406	26	0	356	41	1	283	229
0	374	7	0	406	36	0	321	57	1	291	278
0	270	8	1	327	40	1	364	38	0	257	195
0	301	6	1	337	24	3	309	44	1	245	171
0	263	6	1	298	32	2	283	66	1	254	258
1	312	6	1	315	31	2	265	42	1	274	269
0	299	5	1	287	46	1	278	67	2	257	325
bcell	CO96	AS62	QR188
0	308	2	0	351	163	1	373	160	1	406	1219
1	379	4	2	363	139	1	433	163	1	385	1099
1	379	3	4	399	218	2	375	165	2	402	1264
1	325	4	2	426	374	3	322	218	2	388	1426
1	293	3	3	421	304	2	435	208	2	348	1112
2	350	5	2	334	269	3	290	334	2	271	1026
2	457	5	3	408	265	3	434	142	2	393	1007
2	451	5	3	333	257	3	402	137	2	248	98
phos	AS149	CO22	QR137
0	461	18	0	462	496	0	412	144	0	332	384
0	480	20	0	487	530	0	403	87	0	338	601
0	479	18	0	462	505	0	373	84	1	289	400
0	412	22	0	444	476	1	419	104	1	336	433
0	410	19	0	454	478	1	296	81	1	292	394
0	403	20	1	439	426	1	383	124	1	375	387
0	420	19	1	457	358	1	324	148	1	261	427
0	397	22	1	443	397	1	413	94	1	323	425
bglu	AS149	CO22	QR137
0	273	0	0	306	226	0	262	486	0	347	501
0	331	1	1	295	249	0	267	618	1	370	504
0	288	1	1	307	203	0	237	383	1	362	414
0	288	1	2	312	227	1	252	642	1	378	464
0	292	2	2	261	213	1	272	535	1	457	539
0	315	2	1	240	206	2	361	460	2	425	328
1	312	2	1	242	172	2	259	452	1	417	158
1	311	2	2	308	234	2	271	717	1	302	1
lap	AS149	CO22	QR137
0	409	37	0	325	59	0	364	52	0	394	47
0	451	41	0	334	62	0	341	47	0	329	48
0	406	53	0	335	65	0	392	46	0	277	47
0	418	47	0	325	60	0	390	47	0	374	50
0	459	45	0	326	63	0	413	52	1	272	58
0	466	44	1	406	55	0	269	54	1	289	51
0	468	54	1	297	64	0	296	52	1	293	56
0	416	52	0	349	63	1	351	52	1	296	54
nag	AS149	CO22	QR137
0	252	0	0	266	198	0	298	791	0	375	299
0	332	1	0	276	337	0	368	699	0	388	355
0	317	2	1	262	344	0	370	728	1	390	379
0	390	2	1	278	277	2	406	704	1	395	298
0	436	2	1	272	206	1	436	792	1	403	353
0	369	3	2	269	151	1	426	717	1	405	302
0	475	2	2	267	256	2	379	611	2	391	368
0	407	3	1	378	229	2	362	835	1	390	388
bxyl	AS149	CO22	QR137
0	461	7	1	370	58	0	370	182	1	301	6
1	470	9	2	410	70	1	431	177	1	406	24
1	337	10	2	455	59	2	437	355	3	457	44
2	481	10	2	470	117	2	455	301	2	398	45
1	433	10	2	497	50	2	429	214	3	360	70
1	382	10	3	400	54	2	462	187	3	299	64
1	506	11	3	471	53	3	411	156	3	433	79
2	347	8	2	481	66	2	295	145	3	425	62
bcell	AS149	CO22	QR137
0	318	1	0	429	150	0	238	710	1	313	202
0	343	3	1	332	142	1	253	668	1	385	239
0	361	3	1	376	244	1	210	604	2	405	188
1	380	5	2	411	206	1	236	772	2	389	210
1	319	3	2	389	196	2	240	571	514	386	218
1	316	3	2	412	208	1	255	630	2	403	236
1	404	3	1	377	182	2	259	743	2	399	335
1	399	3	1	416	97	2	225	583	2	407	132
phos	AS121	CO194	QR8
0	394	18	0	295	770	0	379	461	0	359	540
1	299	20	1	347	633	0	417	490	0	318	252
1	322	20	1	307	611	1	312	512	1	319	405
2	320	20	3	242	722	1	405	378	0	318	311
2	460	20	3	330	634	1	329	425	1	325	225
2	381	19	2	340	570	1	333	335	1	295	183
1	329	19	2	247	673	1	369	410	2	335	239
2	322	21	3	356	741	1	330	460	2	290	37
bglu	AS121	CO194	QR8
1	424	2	2	343	895	1	418	390	0	327	421
1	428	4	3	297	830	2	345	383	1	284	257
2	404	3	2	335	749	1	319	394	2	252	238
2	451	3	2	298	988	2	439	335	1	313	436
2	414	4	3	311	681	2	283	437	2	304	348
2	350	3	3	214	640	2	348	434	2	259	288
2	334	3	2	304	1049	2	448	307	2	273	476
1	394	4	3	243	980	2	461	386	2	308	359
lap	AS121	CO194	QR8
0	449	42	0	247	39	0	323	43	0	385	43
0	501	46	0	269	40	0	356	42	0	379	44
0	472	51	1	302	42	0	281	46	0	345	42
1	481	48	1	314	42	0	351	40	0	389	50
1	500	52	1	311	40	0	407	43	0	353	42
1	452	50	2	357	40	1	392	44	0	409	42
1	464	52	2	347	43	1	399	52	1	381	44
1	451	53	2	341	37	1	408	50	0	389	52
bxyl	AS121	CO194	QR8
0	458	6	0	317	93	0	422	46	0	361	104
1	498	11	1	323	104	0	430	45	0	350	100
1	473	8	1	278	112	1	424	66	1	410	111
2	451	8	2	334	112	1	436	42	0	421	96
1	467	8	2	351	112	1	433	51	1	404	92
2	463	9	2	361	105	1	428	70	1	279	97
1	468	9	2	305	99	1	433	63	1	269	101
1	447	8	2	254	116	2	410	40	1	326	114
nag	AS121	CO194	QR8
0	292	1	0	252	966	0	391	1024	0	282	584
2	266	3	1	348	1006	0	403	885	0	272	467
1	280	3	1	283	969	1	366	906	0	415	534
1	313	3	1	344	1007	1	405	1019	0	411	424
1	361	4	2	310	1234	1	287	775	1	356	478
2	241	4	2	355	1246	2	358	910	1	412	456
1	281	4	2	336	919	2	393	777	1	404	559
1	327	4	2	337	1105	2	411	876	1	376	524
bcell	AS121	CO194	QR8
1	409	4	1	298	726	0	357	299	1	380	181
1	470	4	2	219	710	1	365	486	0	348	210
2	471	5	2	308	676	1	278	226	1	282	107
2	420	6	2	337	851	2	346	287	2	419	153
1	480	5	3	348	565	2	366	458	1	402	232
2	480	5	3	252	570	2	350	288	1	413	140
2	475	5	3	348	596	2	315	369	2	434	161
2	463	5	3	335	916	2	328	373	1	407	154
phos	AS193	CO50	QR85
0	326	15	0	277	1088	0	325	274	0	402	425
0	284	18	1	280	952	0	296	216	0	387	307
0	339	21	2	325	854	1	255	153	0	360	202
0	293	20	2	229	799	1	270	219	0	320	285
0	345	23	2	252	710	1	405	173	1	407	277
1	274	17	2	268	855	2	397	208	1	404	173
1	333	18	2	267	943	2	370	164	1	428	270
1	203	16	2	295	767	2	360	212	2	285	220
bglu	AS193	CO50	QR85
0	287	8	1	265	1362	0	418	292	0	300	232
0	305	1	1	259	1301	1	307	332	1	292	264
0	286	0	2	222	1307	1	356	178	0	250	29
0	298	1	2	210	1097	2	309	251	1	308	26
0	289	1	2	271	1233	2	286	279	1	251	24
0	319	1	2	253	1352	2	304	220	1	240	218
0	315	1	2	316	1388	2	306	336	1	255	23
0	342	2	3	327	1369	2	270	366	2	271	34
lap	AS193	CO50	QR85
0	320	41	0	282	35	0	364	51	0	316	47
0	374	48	1	323	18	0	351	51	0	373	46
0	264	49	1	256	21	1	275	45	1	323	43
0	420	52	2	306	37	2	392	50	0	389	53
0	373	54	2	310	31	2	414	49	1	386	46
1	415	41	2	307	36	2	402	53	1	377	52
1	396	25	2	297	25	3	363	47	1	387	54
1	391	51	3	317	39	3	383	51	1	362	50
nag	AS193	CO50	QR85
0	382	0	1	269	917	0	303	490	0	283	835
1	394	3	2	275	717	1	293	616	0	322	932
1	363	2	2	231	771	2	268	651	1	287	676
1	412	3	2	237	621	2	350	412	1	287	770
1	357	3	2	244	767	2	384	462	2	282	860
1	400	4	2	297	650	2	381	549	2	235	843
1	438	3	3	306	705	3	400	646	2	244	917
2	424	3	3	228	829	2	291	524	2	388	688
bxyl	AS193	CO50	QR85
0	379	6	0	298	146	1	340	45	0	320	37
0	431	8	2	285	136	1	335	53	0	303	61
0	523	9	2	313	159	2	342	46	1	379	48
1	434	10	2	285	152	2	483	73	1	400	44
1	512	11	3	368	165	3	458	49	1	333	48
2	382	10	3	308	173	2	491	64	1	372	49
1	354	22	3	368	261	4	462	91	2	471	57
2	520	11	3	341	115	2	465	87	1	417	89
bcell	AS193	CO50	QR85
0	768	2	0	266	1137	0	258	101	0	390	283
1	832	3	2	236	1020	2	233	165	0	292	264
1	778	4	2	214	843	2	267	180	1	290	270
0	791	4	2	344	1308	3	249	291	1	324	269
1	753	4	2	308	1213	3	240	286	1	377	453
2	781	4	3	296	1459	2	237	246	2	384	490
2	756	5	3	373	895	2	245	389	2	328	272
2	749	5	3	366	952	3	258	220	2	390	922
phos	QR73	QR56	CO85
0	360	15	0	339	85	0	333	248	0	355	493
0	392	18	0	254	77	0	278	141	0	312	443
0	275	16	0	254	75	0	266	227	0	380	400
0	298	16	0	268	99	0	309	135	1	377	629
0	341	17	1	255	92	1	309	100	1	356	332
0	300	15	1	230	115	1	318	248	1	326	462
0	327	16	2	261	214	2	300	109	1	287	509
0	338	16	1	249	139	2	275	254	1	258	40
bglu	QR73	QR56	CO85
0	372	0	0	285	313	0	353	176	0	403	559
0	307	3	0	321	309	0	354	194	0	336	622
0	361	1	1	277	342	0	317	244	1	304	601
0	338	2	1	302	350	1	368	205	0	334	460
0	371	2	1	279	310	1	408	169	1	352	410
1	404	3	1	324	178	1	308	278	1	303	380
1	418	2	1	262	344	1	307	367	1	247	452
0	328	2	1	267	472	2	304	359	1	247	405
lap	QR73	QR56	CO85
0	309	35	0	373	43	0	342	42	0	325	47
0	366	41	0	446	43	0	318	45	0	322	40
0	387	39	0	335	42	0	398	40	0	294	46
0	438	56	0	458	48	0	429	44	0	345	48
0	396	49	0	386	41	0	339	48	1	297	42
0	366	44	1	406	48	0	354	45	0	268	50
0	387	51	0	405	46	1	308	42	1	356	51
0	304	43	0	368	41	0	300	43	1	242	49
nag	QR73	QR56	CO85
0	476	1	0	399	395	0	384	89	0	373	888
1	472	4	0	367	585	1	392	316	0	416	917
0	422	3	1	450	531	1	417	170	1	376	1158
1	489	3	1	322	573	1	457	197	2	431	1032
1	483	3	1	403	467	2	438	142	2	429	1049
1	497	3	1	453	800	2	436	125	2	397	1153
1	429	4	2	368	1191	2	462	184	2	429	942
1	411	4	1	409	823	1	463	108	2	406	1115
bxyl	QR73	QR56	CO85
0	279	5	0	405	26	0	340	35	0	315	31
0	331	7	1	418	26	0	396	28	0	298	56
0	347	6	1	437	43	1	406	37	1	237	27
0	315	6	1	448	38	2	291	56	1	324	30
0	342	5	1	432	34	1	397	37	1	339	28
1	364	6	1	359	30	1	365	50	1	365	26
0	316	6	1	427	44	1	321	26	1	391	31
1	296	7	2	351	28	1	302	150	2	381	31
bcell	QR73	QR56	CO85
0	458	3	0	428	201	0	338	300	1	356	282
1	480	4	2	447	232	1	383	74	1	360	323
1	481	4	1	396	265	1	296	61	2	299	254
2	493	4	2	341	416	2	310	37	2	259	249
1	499	5	2	367	148	2	304	72	2	373	205
2	457	4	2	457	121	1	325	47	2	332	256
2	445	5	2	472	158	2	302	93	2	379	304
2	444	5	2	320	125	2	344	31	2	298	335
phos	CO186	QR65	CO184
0	387	21	0	386	81	0	478	571	0	386	185
0	584	20	0	394	88	0	541	642	0	314	224
0	319	23	0	462	116	0	399	616	0	404	251
1	325	25	1	434	97	0	548	630	1	403	211
0	346	21	1	517	97	1	524	723	1	288	231
1	514	25	1	519	118	1	444	621	2	364	202
1	446	25	1	374	80	1	375	892	1	427	238
1	493	24	1	287	70	1	526	840	1	371	173
bglu	CO186	QR65	CO184
0	458	0	0	282	322	0	295	314	0	344	281
0	473	1	0	300	387	0	260	366	0	379	310
0	490	1	0	302	333	0	382	329	1	396	336
0	466	2	1	313	304	1	296	370	2	388	393
0	362	2	1	264	285	1	277	320	1	356	301
0	470	2	1	252	287	1	294	528	1	426	423
0	385	2	0	312	327	2	291	373	1	426	324
0	445	2	1	274	335	1	315	378	1	371	348
lap	CO186	QR65	CO184
0	472	44	0	352	50	0	317	60	0	421	54
0	470	43	0	461	52	0	309	60	0	453	56
0	363	43	0	374	55	0	255	54	0	354	60
0	436	45	0	375	50	0	288	54	0	427	59
0	450	50	1	436	57	0	263	54	1	424	64
1	460	46	1	464	49	1	339	59	1	406	55
1	454	51	1	466	63	1	298	57	1	405	64
1	431	45	1	463	55	1	267	55	1	404	61
nag	CO186	QR65	CO184
0	326	0	0	414	619	0	347	178	0	295	446
1	360	2	0	378	901	1	355	208	1	316	519
0	300	2	2	437	733	1	304	178	1	297	570
1	330	3	1	431	576	1	294	208	1	240	710
1	274	3	1	365	453	1	334	180	1	351	489
2	289	3	2	373	703	2	343	264	2	236	467
1	299	3	2	440	694	2	387	372	2	277	528
1	326	4	2	348	920	2	280	147	2	306	576
bxyl	CO186	QR65	CO184
0	429	6	0	380	28	0	353	45	0	312	49
0	434	6	0	396	30	0	372	54	1	281	55
0	412	6	0	382	28	0	422	66	1	391	41
0	407	6	1	424	29	1	347	52	1	315	46
1	394	6	1	383	28	1	298	40	1	263	62
1	429	7	1	419	26	1	384	43	2	302	65
0	470	8	0	426	35	1	413	67	1	271	56
0	433	6	1	419	29	1	301	44	2	311	55
bcell	CO186	QR65	CO184
0	427	0	0	313	250	0	386	267	0	300	372
0	292	2	0	389	302	0	407	423	0	388	490
0	296	2	1	327	257	1	434	347	1	308	419
0	307	3	1	348	380	1	418	372	0	314	375
0	370	3	1	444	191	1	456	346	1	414	570
1	282	3	1	345	342	1	465	348	1	258	218
1	296	4	1	318	225	1	338	431	1	402	401
1	288	4	2	308	155	1	448	371	2	287	373
phos	AS139	AS89	AS25
0	274	19	0	235	306	0	358	565	0	380	532
0	344	23	0	377	361	0	298	530	0	349	470
0	325	19	0	226	336	0	246	298	0	400	411
0	311	23	0	256	326	0	322	544	0	352	591
0	321	22	0	271	371	2	369	520	0	391	397
0	365	21	1	251	424	1	288	449	1	391	533
0	284	23	1	302	318	2	287	362	0	412	310
0	306	24	1	262	250	2	248	464	1	318	499
bglu	AS139	AS89	AS25
0	473	0	0	427	515	1	345	478	0	403	618
0	418	2	1	397	551	2	393	364	0	347	583
0	351	2	1	461	501	2	336	461	0	436	803
1	459	2	2	403	492	2	343	441	1	396	593
1	500	2	1	404	672	3	126	523	1	457	698
1	438	2	2	388	512	2	2	514	1	455	629
1	422	3	2	440	639	3	181	440	2	346	596
1	413	3	2	344	569	3	3	433	2	332	778
lap	AS139	AS89	AS25
0	549	57	0	391	61	0	404	62	0	452	0
0	530	51	0	318	66	0	285	59	0	452	0
0	455	52	0	296	68	0	302	63	0	494	0
0	482	51	0	278	68	1	304	70	0	409	0
0	503	48	0	307	65	1	344	68	0	402	0
0	432	57	0	260	72	1	395	61	0	510	0
0	462	48	0	293	62	1	367	62	1	514	0
0	382	55	1	271	68	2	273	58	1	469	2
nag	AS139	AS89	AS25
0	414	0	0	422	628	0	420	980	0	417	551
0	383	1	0	434	466	1	430	772	0	412	530
0	470	1	1	429	634	1	442	671	1	388	503
0	497	2	1	427	630	2	333	685	0	428	442
0	502	2	1	438	451	2	465	650	1	449	718
1	560	2	2	436	628	2	424	760	2	414	490
1	508	3	2	429	566	2	456	627	1	449	686
1	534	3	2	458	493	3	372	623	2	430	536
bxyl	AS139	AS89	AS25
0	394	5	0	326	53	0	336	45	0	374	54
0	340	7	0	271	55	1	329	49	0	396	44
0	265	5	0	291	41	1	313	34	1	419	67
0	327	7	1	358	55	1	306	48	1	395	106
0	293	6	1	312	44	2	275	52	0	389	42
0	405	9	2	380	50	2	283	51	1	400	55
0	337	7	1	299	43	2	240	48	1	424	60
0	308	7	2	422	47	2	237	35	1	479	66
bcell	AS139	AS89	AS25
0	395	0	0	383	386	0	372	264	0	393	443
0	424	1	0	322	481	1	362	249	0	430	408
0	314	2	1	293	461	1	317	184	2	254	329
0	476	2	1	434	496	2	386	377	0	397	337
0	365	2	1	272	440	1	310	366	1	352	428
0	319	2	1	440	417	2	373	460	1	324	289
1	321	5	2	319	580	3	297	184	1	320	255
1	301	2	2	308	351	2	287	366	3	261	415
phos	AS122	QR161	CO4
0	314	19	0	325	316	0	368	129	1	301	204
0	440	20	0	367	322	0	310	205	2	370	229
0	344	24	1	400	341	1	373	143	4	395	209
1	411	24	2	467	382	1	355	235	3	434	177
1	402	25	3	376	430	1	372	214	3	379	250
1	379	23	2	409	422	2	342	263	3	336	263
1	459	21	2	403	664	2	334	185	4	319	260
1	392	23	2	477	321	2	391	208	3	359	202
bglu	AS122	QR161	CO4
0	356	0	0	335	763	0	278	252	1	378	542
0	371	1	0	349	655	0	356	234	1	300	465
1	355	3	1	280	685	1	301	240	3	384	495
0	404	2	2	461	619	1	383	409	2	444	512
1	413	2	1	451	697	1	369	291	2	432	522
1	471	3	2	303	750	1	385	335	3	289	494
0	352	3	1	402	824	1	323	445	4	271	376
2	496	3	2	421	762	2	354	670	3	245	445
lap	AS122	QR161	CO4
0	423	47	0	379	57	0	375	56	0	432	60
0	478	49	0	473	53	0	335	54	1	442	60
0	471	50	0	421	51	0	411	54	3	423	60
1	474	64	1	373	50	1	356	68	2	413	62
1	327	51	1	328	58	1	338	59	2	426	61
1	450	62	1	464	58	2	430	53	3	443	56
0	470	64	1	472	50	2	416	52	3	434	64
1	445	59	2	450	48	2	455	56	3	421	52
nag	AS122	QR161	CO4
0	283	0	0	268	672	0	463	421	1	399	1036
0	409	2	1	228	566	0	475	348	1	496	1537
0	336	2	0	300	524	1	513	374	2	307	1287
1	356	3	1	221	734	1	497	420	3	352	1036
1	410	3	2	294	495	1	493	532	4	496	1049
1	372	2	2	227	674	1	537	347	3	368	1214
1	510	3	1	234	734	1	499	431	3	446	1187
1	447	3	2	282	1334	1	462	210	3	280	953
bxyl	AS122	QR161	CO4
2	473	6	0	370	72	0	399	36	1	445	45
1	401	7	0	414	51	1	369	31	2	440	68
0	323	6	0	459	56	1	364	36	2	323	62
1	444	7	1	298	65	2	437	49	2	400	55
1	328	7	1	333	60	1	385	38	2	429	64
1	374	10	2	386	53	1	506	39	3	435	68
1	414	7	1	453	81	2	479	45	3	450	63
1	459	7	2	436	65	1	447	60	3	396	94
bcell	AS122	QR161	CO4
0	397	2	0	470	668	0	312	278	2	362	214
0	339	3	1	475	559	1	355	213	2	310	233
1	353	4	1	484	475	1	362	436	3	328	272
1	392	4	2	502	818	1	467	421	3	438	197
1	423	3	1	458	520	2	331	279	4	420	348
2	449	4	2	440	999	1	408	348	3	463	297
1	353	4	1	515	909	1	424	782	3	481	315
1	425	4	2	468	658	2	475	392	4	428	241
phos	AS199	CO146	CO98
0	318	21	0	477	192	0	349	233	0	295	332
0	329	23	0	442	258	0	383	305	0	412	266
0	394	22	0	446	260	1	328	356	0	262	267
0	300	25	0	453	242	1	438	323	1	336	339
0	331	23	0	404	217	1	456	387	0	367	233
0	385	24	0	335	193	1	318	344	0	273	253
0	307	25	0	375	355	1	413	340	1	376	290
1	313	24	1	438	179	1	320	260	1	259	219
bglu	AS199	CO146	CO98
0	472	1	0	398	81	0	334	212	1	290	845
0	528	2	0	378	92	1	318	177	1	263	722
1	569	3	1	385	94	2	281	229	2	355	688
1	483	3	1	462	77	2	291	277	2	246	844
1	597	3	2	404	126	2	313	178	3	213	742
1	622	3	2	311	171	2	300	129	2	254	623
1	531	3	2	440	111	2	301	281	2	231	665
2	447	3	2	409	160	2	327	175	2	278	850
lap	AS199	CO146	CO98
0	463	50	0	365	68	0	305	50	0	252	55
0	488	52	0	320	69	0	380	40	0	306	54
0	547	52	0	354	72	0	315	42	0	271	61
0	382	59	0	465	69	0	196	43	0	245	57
0	378	46	0	316	71	1	318	40	0	267	57
0	533	44	0	337	59	1	264	48	0	306	65
0	392	31	0	339	34	0	342	18	1	335	56
0	319	36	1	21	59	1	261	69	1	147	55
nag	AS199	CO146	CO98
0	431	1	0	354	166	0	412	716	0	322	860
1	339	2	0	437	156	1	387	568	0	368	671
0	331	1	1	314	293	1	379	538	1	309	467
1	396	3	1	383	245	1	306	872	2	367	591
1	359	3	1	377	154	2	426	704	1	429	531
1	473	2	1	348	206	2	408	559	2	386	670
1	407	3	1	399	303	2	419	645	2	378	807
1	339	3	2	405	530	2	409	717	2	175	892
bxyl	AS199	CO146	CO98
0	399	6	0	340	32	0	331	53	0	274	115
0	298	8	0	269	23	1	336	67	0	235	108
0	378	8	0	285	27	1	319	57	0	255	79
0	304	9	0	332	35	1	303	62	1	284	84
1	354	7	1	249	18	1	252	46	1	397	75
1	336	9	1	379	30	2	336	56	1	261	93
0	316	2	0	320	27	1	281	88	1	248	89
1	308	2	1	348	24	2	248	70	1	255	83
bcell	AS199	CO146	CO98
0	307	1	0	428	35	0	410	451	0	337	470
0	471	2	0	329	47	1	394	341	0	297	410
0	374	2	1	297	54	1	365	345	1	277	322
0	437	3	1	362	74	1	371	341	1	319	307
0	454	2	1	348	136	2	418	619	1	296	383
1	488	3	1	328	107	2	449	575	2	342	349
0	432	4	1	329	132	2	323	578	1	246	654
1	461	3	1	327	57	2	347	223	1	275	329
phos	CO45	QR35	AS2
0	357	8	0	379	103	0	342	691	333	0	313
0	411	14	0	273	96	0	381	598	356	0	279
0	354	12	0	377	109	0	289	574	323	0	383
0	400	13	0	393	105	1	406	538	300	0	256
0	357	14	0	303	87	1	316	593	328	0	232
0	386	13	1	380	133	1	376	565	300	0	289
0	334	16	1	354	186	2	350	578	311	0	354
0	476	13	2	426	189	1	417	579	359	0	336
bglu	CO45	QR35	AS2
0	234	0	0	383	357	0	294	34	0	437	188
0	289	0	0	442	217	1	293	589	0	490	241
0	332	0	0	399	171	1	347	490	0	386	265
0	356	1	1	415	274	1	282	498	0	354	278
0	299	1	0	371	332	1	282	482	0	300	92
0	312	1	1	381	364	1	297	403	1	405	215
0	354	1	2	407	655	1	314	694	0	335	159
0	468	2	2	383	701	2	430	693	0	426	143
lap	CO45	QR35	AS2
0	311	31	0	283	50	0	294	41	0	310	44
0	287	39	0	249	54	0	244	41	0	262	48
0	297	35	0	267	49	0	253	39	0	248	47
1	318	37	0	320	39	0	217	45	0	300	49
0	273	39	0	284	41	1	257	45	0	295	49
0	296	38	1	216	42	1	213	46	0	209	47
0	284	42	2	250	37	1	272	47	0	176	48
0	290	45	1	150	41	1	227	26	0	19	50
nag	CO45	QR35	AS2
0	314	1	0	275	184	0	288	485	0	266	75
0	291	2	1	307	160	1	255	498	1	280	66
1	330	3	1	250	167	2	265	437	1	356	93
1	323	2	2	301	137	1	262	499	1	253	73
1	321	2	2	307	151	2	259	417	1	291	77
1	385	3	2	387	181	3	265	371	1	304	12
2	307	2	2	305	180	3	238	447	2	295	7
1	426	3	2	239	163	3	359	439	2	307	8
bxyl	CO45	QR35	AS2
0	266	4	0	300	34	0	269	53	0	330	37
3	304	6	1	290	30	1	277	49	1	320	34
0	297	5	1	296	23	2	257	49	1	308	25
1	301	5	1	218	26	2	276	66	1	332	37
1	306	6	2	305	26	2	260	53	2	301	30
1	287	6	2	267	30	3	320	43	1	299	30
1	334	6	2	261	40	2	227	47	1	271	30
1	290	5	2	309	43	2	288	106	2	381	45
bcell	CO45	QR35	AS2
0	328	1	0	278	112	0	231	210	0	359	58
0	339	2	0	255	176	1	264	206	0	313	73
0	287	2	0	283	147	14	262	154	0	308	62
0	330	2	1	229	99	1	359	166	1	253	136
1	323	3	8	274	131	3	396	265	1	245	128
1	319	3	1	249	265	3	395	140	1	256	76
0	287	3	2	247	355	3	410	249	1	252	64
1	363	4	2	226	326	3	268	151	1	286	51
phos	CO167	CO201	QR158
0	224	6	0	334	156	0	274	261	0	236	420
0	213	10	0	274	107	0	323	187	0	204	311
0	187	11	0	312	130	0	246	224	0	230	376
0	206	12	0	273	94	0	231	251	0	246	462
0	222	10	0	288	108	0	263	225	1	212	298
0	194	12	0	290	100	0	244	198	1	274	240
0	208	12	0	273	178	1	259	233	2	218	243
0	205	11	1	302	96	1	181	280	1	255	279
bglu	CO167	CO201	QR158
0	252	0	0	287	432	0	322	241	0	233	198
1	246	1	0	301	359	0	275	326	0	250	150
0	260	1	0	255	233	6	286	237	2	220	129
0	277	2	1	311	283	1	321	308	1	250	159
0	321	1	0	269	280	0	309	251	1	209	131
1	280	2	1	217	353	1	278	261	1	245	151
1	310	2	1	268	262	1	263	243	1	271	231
1	364	2	1	155	278	1	251	268	1	220	138
lap	CO167	CO201	QR158
0	307	35	0	278	45	0	315	51	0	376	39
0	266	33	0	297	44	0	256	59	0	392	43
0	306	30	0	282	43	1	251	52	1	346	39
0	289	28	0	287	40	1	254	56	0	403	36
0	280	34	1	265	40	1	243	55	1	409	43
0	268	35	1	263	44	2	252	54	1	384	44
0	271	32	1	251	40	1	274	56	1	310	39
0	318	32	1	258	42	2	269	51	2	292	40
nag	CO167	CO201	QR158
0	420	0	0	460	606	0	403	804	0	423	230
0	423	1	1	434	605	1	426	718	0	430	253
0	411	2	1	471	518	2	401	586	1	435	307
0	376	2	1	485	541	2	397	747	2	437	517
0	414	3	2	450	523	2	407	671	2	429	222
1	424	3	1	470	575	3	372	824	3	436	288
1	445	3	1	416	488	2	379	703	2	382	313
1	426	3	2	453	608	1	395	674	1	401	254
bxyl	CO167	CO201	QR158
0	311	3	0	339	33	0	336	30	0	273	28
0	277	4	0	360	20	0	325	24	0	236	19
0	321	3	0	294	26	0	387	21	1	273	20
0	276	4	0	389	32	0	422	26	1	255	65
0	246	4	0	263	26	0	324	29	1	248	17
0	302	4	1	356	26	1	444	25	1	223	66
0	261	5	0	279	32	1	430	37	1	253	26
0	312	5	0	349	33	1	347	28	0	330	28
bcell	CO167	CO201	QR158
0	330	0	0	314	405	0	334	265	2	302	84
0	259	1	0	295	284	0	331	180	0	266	153
0	289	2	0	326	318	1	352	168	0	272	60
0	292	2	2	352	410	0	284	209	0	298	57
0	251	2	1	304	387	1	302	232	1	256	43
0	291	2	1	437	311	1	349	148	1	276	84
0	314	2	1	301	238	1	256	175	1	319	72
0	295	2	1	384	351	1	324	206	1	248	51
phos	AS55	AS72	QR93
0	253	9	0	361	810	0	415	300	0	377	203
0	290	11	0	245	892	0	425	355	0	378	228
0	264	12	1	286	774	0	427	275	0	349	289
1	327	12	1	350	905	0	421	465	0	417	341
0	415	12	1	274	879	1	411	475	0	447	270
0	412	11	1	270	853	1	440	316	0	337	212
1	396	13	1	272	719	1	418	392	1	372	146
0	454	14	2	291	1159	1	396	459	2	403	544
bglu	AS55	AS72	QR93
0	292	0	0	278	341	0	278	397	0	221	152
0	245	1	0	233	330	0	231	353	0	218	248
0	327	0	1	242	334	0	239	239	0	228	128
0	243	0	2	259	492	1	220	289	0	251	201
0	308	1	1	212	380	0	266	410	0	199	196
0	309	1	2	222	410	1	244	247	0	251	165
0	284	1	1	219	417	1	211	299	1	256	162
0	329	1	1	200	443	1	222	183	1	237	274
lap	AS55	AS72	QR93
0	413	42	0	264	57	0	353	48	0	270	44
0	348	46	0	258	53	0	267	50	0	252	42
0	323	48	0	319	50	0	274	48	0	274	41
0	281	44	1	236	56	0	339	51	0	280	45
0	339	43	1	263	52	1	259	43	0	236	45
0	387	43	1	227	57	0	285	43	0	261	45
0	358	46	1	226	59	1	296	45	1	209	45
0	408	42	2	339	56	1	299	45	0	238	48
nag	AS55	AS72	QR93
0	384	1	0	452	789	0	303	336	0	409	324
0	452	2	1	266	664	1	291	343	0	495	265
0	429	2	2	333	835	1	335	394	1	621	314
1	500	3	2	377	660	1	348	294	1	639	292
1	524	3	2	430	714	1	359	260	0	432	256
1	481	3	2	328	634	2	263	284	1	430	304
1	464	4	2	359	816	2	327	316	1	382	298
1	478	3	3	335	869	2	366	348	1	459	17
bxyl	AS55	AS72	QR93
0	341	5	0	324	78	0	273	44	0	315	15
0	283	4	1	307	65	0	267	51	0	295	19
0	295	5	1	344	84	1	210	36	0	312	20
0	288	6	1	344	77	1	310	40	0	265	22
0	289	6	1	373	64	0	273	53	1	250	24
0	278	5	2	358	87	2	337	42	1	325	37
0	287	5	2	261	116	3	245	42	1	341	33
0	263	7	2	318	110	1	287	31	1	341	27
bcell	AS55	AS72	QR93
0	319	3	0	290	663	1	299	261	0	306	32
1	296	3	1	304	504	1	293	186	0	245	40
0	461	3	2	317	300	1	290	275	1	238	35
1	339	4	2	320	356	1	345	261	1	270	30
1	377	4	2	330	388	2	276	286	1	318	36
2	290	4	2	320	407	1	299	239	1	277	32
1	186	4	2	285	504	2	293	211	1	287	33
1	1	5	2	391	362	2	337	203	1	326	25
phos	CO120	QR33	AS136
0	206	10	0	306	145	0	315	327	0	264	192
0	218	12	0	390	150	0	258	398	0	304	198
0	207	11	0	303	122	0	236	296	0	355	222
0	208	13	0	365	154	0	213	464	0	381	267
0	195	12	0	301	119	1	184	377	0	309	260
0	224	15	0	324	133	1	322	458	0	312	181
0	188	15	1	293	111	1	299	530	1	344	250
0	260	14	0	390	184	2	346	567	1	322	198
bglu	CO120	QR33	AS136
0	434	0	0	381	232	0	271	288	0	301	237
0	431	1	0	368	227	0	304	398	0	311	187
0	365	0	0	380	243	0	258	321	0	276	174
0	422	1	0	379	383	0	276	503	0	337	217
0	321	1	0	303	212	1	319	262	0	264	281
0	313	1	1	419	313	1	244	291	1	248	162
0	336	2	0	362	168	1	274	349	0	237	227
0	413	1	1	399	435	1	411	456	0	377	306
lap	CO120	QR33	AS136
0	357	34	0	328	39	0	273	53	0	347	44
0	328	36	0	304	43	0	256	46	0	413	42
0	286	35	0	324	38	0	269	57	0	281	43
0	276	37	0	290	40	0	281	41	0	329	45
0	316	38	0	240	40	1	261	45	0	396	48
0	315	43	0	345	43	1	296	42	0	312	49
0	268	47	1	253	40	1	262	45	1	366	46
0	310	36	0	324	50	1	343	48	0	401	55
nag	CO120	QR33	AS136
0	400	0	0	312	350	0	357	280	0	305	133
1	363	2	0	282	428	1	370	273	0	303	115
0	286	2	1	285	313	1	306	221	1	288	98
1	277	2	1	248	282	2	310	214	1	259	122
1	319	3	1	279	314	1	317	287	1	267	155
1	284	3	1	258	297	1	321	277	1	247	156
1	324	3	2	246	345	1	309	344	1	293	133
1	306	3	1	276	449	2	320	324	1	300	125
bxyl	CO120	QR33	AS136
0	296	4	0	308	38	0	307	43	0	320	30
0	263	6	0	308	21	1	321	37	0	288	34
0	308	5	0	290	31	1	296	45	0	261	31
0	299	7	1	257	32	2	353	38	0	262	41
0	370	6	0	290	28	1	282	37	1	278	29
0	265	6	1	270	38	1	322	38	1	236	50
0	251	6	1	305	22	2	279	49	1	247	25
0	325	6	1	260	24	1	405	59	1	310	47
bcell	CO120	QR33	AS136
0	378	0	0	319	153	0	414	189	0	285	64
0	351	2	1	231	206	0	447	173	0	233	70
0	319	3	0	278	117	1	330	140	1	231	88
1	363	3	1	253	159	2	401	154	0	241	84
1	316	3	1	247	187	2	300	220	1	259	89
1	340	3	1	266	170	2	363	172	1	20	176
1	241	4	1	317	266	2	318	182	1	213	98
2	341	3	1	383	187	1	415	214	1	21	110
phos	CO105	AS120	AS181
0	252	8	0	292	200	0	314	666	0	243	529
0	272	10	0	227	179	0	356	542	0	301	562
0	237	10	0	262	199	0	366	551	0	236	605
0	231	14	0	325	169	1	279	561	0	275	825
0	226	13	0	313	191	1	280	509	1	299	721
0	231	12	0	286	165	1	306	527	1	307	714
0	250	16	0	351	188	2	240	589	1	296	531
0	270	15	0	245	148	1	292	802	1	290	787
bglu	CO105	AS120	AS181
0	388	1	0	263	244	1	469	846	1	198	669
0	337	2	0	277	296	1	234	569	2	206	550
0	349	2	0	314	260	2	455	682	3	239	478
1	421	2	1	329	297	2	466	785	2	316	453
1	456	2	1	272	274	3	425	616	3	226	467
2	316	2	2	270	255	3	505	492	3	219	442
1	382	3	1	269	275	3	464	475	3	236	503
1	26	3	1	313	424	3	423	701	3	221	512
lap	CO105	AS120	AS181
0	378	41	0	340	53	0	291	49	0	249	42
0	408	45	0	408	53	0	292	46	0	257	41
0	338	53	0	265	55	1	287	48	0	214	42
0	381	47	0	389	55	1	272	49	1	181	38
0	318	42	0	316	48	1	318	48	1	212	35
0	341	51	0	335	51	1	264	48	2	259	38
0	365	45	1	322	60	3	292	45	1	199	38
0	401	37	1	361	60	2	347	47	2	237	43
nag	CO105	AS120	AS181
0	288	0	0	298	181	0	314	525	0	267	403
0	284	1	0	414	347	0	227	410	1	245	486
0	349	1	0	276	250	1	282	416	1	210	387
0	304	2	0	252	279	2	321	395	1	210	579
0	273	1	0	313	211	1	290	457	1	221	471
0	300	2	0	259	223	2	302	453	2	228	386
0	413	2	0	224	257	1	345	461	1	200	370
0	421	2	0	333	295	1	251	461	1	241	522
bxyl	CO105	AS120	AS181
0	338	0	0	294	43	0	341	76	2	287	66
0	387	5	0	297	60	1	286	62	1	299	58
1	398	7	0	279	40	1	269	76	2	321	64
1	450	7	0	291	39	2	293	88	3	273	51
1	356	10	1	262	32	2	373	67	3	256	47
1	353	8	1	349	38	2	291	80	3	287	76
1	539	7	2	326	51	2	278	74	2	255	58
1	361	7	2	349	54	3	336	129	2	275	73
bcell	CO105	AS120	AS181
0	280	0	0	291	96	0	239	365	0	244	254
0	296	1	0	292	101	1	268	450	1	231	246
0	263	1	0	260	51	0	265	310	1	213	225
0	260	2	0	238	59	1	234	405	2	188	291
0	252	2	0	235	69	2	209	363	2	194	174
0	330	2	0	279	50	2	246	394	2	196	267
0	245	2	0	251	52	2	240	509	2	208	201
0	333	3	1	236	128	2	245	311	2	154	204
phos	QR132	CO174	AS42
0	166	14	0	348	512	0	392	365	0	319	273
0	187	15	0	420	736	0	267	409	0	357	332
0	209	12	0	319	422	0	260	448	0	336	244
0	209	17	0	408	433	0	253	337	0	359	335
0	220	13	0	255	393	1	266	337	0	333	284
0	225	15	0	300	469	0	324	410	0	325	337
0	263	12	1	19	454	1	322	508	0	280	238
0	352	12	1	18	686	0	400	385	1	345	209
bglu	QR132	CO174	AS42
0	350	0	0	274	546	0	351	1044	0	313	317
0	407	0	0	266	476	0	318	960	0	271	337
0	303	0	0	255	394	0	358	932	1	223	441
0	345	0	1	254	440	0	318	840	0	252	357
0	384	1	1	234	275	1	266	784	1	227	495
0	343	1	1	297	379	1	349	912	1	293	354
0	349	1	1	233	309	1	408	962	1	188	342
0	322	1	1	280	628	1	369	1299	0	299	486
lap	QR132	CO174	AS42
0	399	37	0	367	47	0	242	50	347	0	37
0	393	42	0	328	47	0	187	56	312	0	39
0	427	39	0	272	49	0	268	48	351	0	42
0	399	35	0	343	47	0	245	42	284	0	46
0	412	43	0	301	41	0	253	50	288	0	40
0	408	31	0	334	46	0	270	50	292	0	45
0	399	37	0	324	52	1	175	47	360	1	45
0	413	36	0	374	51	0	128	49	325	0	43
nag	QR132	CO174	AS42
0	385	0	0	444	613	0	398	650	0	307	387
0	474	1	0	445	526	0	428	540	0	309	288
0	446	0	1	447	532	2	308	538	1	295	314
0	458	1	1	316	404	0	349	518	0	378	264
0	481	2	1	372	359	1	381	481	2	266	247
1	382	2	2	326	569	1	314	548	1	332	278
0	434	2	1	245	669	1	442	482	1	434	313
1	470	4	1	374	671	1	404	738	1	400	473
bxyl	QR132	CO174	AS42
0	391	5	0	439	55	0	343	244	0	319	46
0	396	7	0	336	69	0	384	234	0	292	62
0	425	7	1	405	60	0	371	267	0	325	52
1	390	6	1	406	66	1	370	320	1	343	60
0	426	8	1	401	50	2	361	222	1	336	66
1	392	7	1	367	60	1	274	247	1	337	43
0	428	9	1	295	64	2	337	289	1	363	57
1	434	8	1	266	44	2	395	372	1	366	59
bcell	QR132	CO174	AS42
0	421	2	0	402	333	0	410	934	0	293	745
0	323	3	0	418	375	0	410	1060	0	366	310
0	349	3	0	406	369	0	408	1032	0	346	247
0	405	3	1	414	344	1	426	971	1	369	305
0	441	2	0	410	273	1	427	924	1	311	329
1	365	4	1	435	366	1	402	1042	1	365	317
1	429	4	1	405	242	1	423	1022	1	312	263
1	455	4	1	406	267	2	395	1178	2	365	279
phos	CO37	QR66	CO47
0	309	16	0	448	81	0	450	1320	0	467	460
0	294	18	0	429	75	3	467	1247	0	448	451
0	221	20	0	516	90	2	404	1334	0	466	440
0	276	18	1	512	89	1	409	1136	0	456	411
0	250	17	0	412	89	3	500	1190	0	420	443
0	396	20	0	383	106	2	431	1163	1	408	512
1	289	21	0	311	82	3	502	1571	1	390	427
1	343	23	1	394	97	3	492	1328	1	383	514
bglu	CO37	QR66	CO47
0	308	0	0	416	219	0	275	782	0	406	761
0	324	1	0	260	144	2	259	837	0	312	901
0	337	1	0	400	233	2	232	662	1	342	848
0	260	2	0	434	223	2	233	739	1	402	913
0	319	1	0	411	191	2	223	725	1	327	690
0	311	2	1	486	316	2	281	643	1	351	678
0	360	1	0	468	182	2	230	771	1	311	631
0	295	2	1	441	391	2	312	788	1	304	828
lap	CO37	QR66	CO47
0	406	26	0	402	12	0	298	47	0	422	56
0	413	46	0	383	33	1	304	52	0	285	66
0	392	50	0	361	47	1	247	51	0	352	69
0	387	51	1	397	47	2	258	52	0	296	73
1	387	56	1	390	44	2	272	49	1	268	75
1	471	58	1	400	60	3	422	46	1	262	73
1	411	51	1	427	52	3	283	56	3	350	69
1	491	50	1	391	54	3	261	55	2	381	70
nag	CO37	QR66	CO47
0	307	0	0	300	197	0	249	622	0	239	419
0	302	1	0	246	163	1	274	775	0	285	394
0	315	1	0	314	155	1	231	643	1	279	358
0	296	1	0	318	162	2	224	528	1	282	301
0	347	2	1	251	180	3	272	657	1	253	503
0	364	2	0	247	173	3	284	683	1	263	332
0	320	2	1	215	211	3	242	644	1	246	383
0	325	2	0	349	200	2	313	711	1	290	323
bxyl	CO37	QR66	CO47
0	417	5	0	322	47	1	434	85	1	454	103
0	412	7	0	261	25	2	320	84	1	312	90
0	514	6	1	340	30	2	324	81	1	332	111
1	427	7	1	322	27	3	304	96	2	327	185
1	417	7	1	488	29	3	247	70	2	412	142
2	354	9	2	296	30	3	350	84	2	263	101
2	409	8	1	271	25	4	329	62	2	285	154
2	436	8	1	487	20	3	374	89	2	419	147
bcell	CO37	QR66	CO47
0	340	2	0	336	181	2	367	333	1	455	449
1	330	3	1	259	133	2	321	310	1	346	410
1	379	4	2	402	159	3	311	343	2	363	506
2	237	4	2	381	126	3	342	282	2	390	520
2	268	4	1	239	105	3	252	414	2	354	492
2	284	4	2	286	146	6	245	345	2	395	334
2	305	4	2	246	168	4	267	323	2	458	413
2	361	4	2	342	112	3	366	387	2	437	315
phos	QR165	QR84	CO80
0	260	14	0	448	551	0	434	186	0	399	382
0	220	15	1	401	565	0	373	176	0	322	336
0	242	19	2	490	536	0	406	259	0	297	362
0	223	18	2	442	468	0	406	190	1	271	356
0	223	16	2	330	488	1	392	236	0	340	369
0	204	21	3	439	674	1	403	181	0	303	371
0	217	18	3	447	560	0	323	170	4	298	416
0	299	20	3	448	541	1	478	224	2	346	397
bglu	QR165	QR84	CO80
0	343	0	2	357	772	0	459	246	1	289	1253
0	298	1	3	300	791	0	410	226	1	288	982
0	348	2	3	287	683	0	369	214	1	283	794
0	309	2	2	269	664	0	389	167	1	324	852
1	332	2	3	258	709	1	396	197	2	307	843
0	488	2	4	266	692	1	373	177	1	355	986
1	380	2	3	250	611	2	307	183	3	297	918
1	534	3	3	260	686	1	448	219	2	415	923
lap	QR165	QR84	CO80
0	368	38	0	291	54	0	315	55	0	281	46
0	244	48	0	411	50	0	308	56	0	284	46
0	324	48	1	238	50	0	301	51	0	247	50
0	324	55	1	297	53	0	356	55	0	238	49
0	273	57	1	343	44	0	242	55	0	232	43
0	320	41	2	254	63	0	254	43	0	255	43
0	278	67	2	303	46	0	276	52	3	243	50
0	422	46	3	24	46	1	274	50	1	319	53
nag	QR165	QR84	CO80
0	294	0	0	306	699	0	327	211	2	326	1339
0	271	1	2	240	470	0	253	135	0	301	939
0	349	1	2	283	564	0	272	94	1	314	1052
0	279	2	2	274	484	0	276	164	1	390	934
0	338	2	3	246	488	0	309	184	1	322	948
0	349	2	2	263	447	1	335	185	1	360	995
0	332	2	5	238	620	2	293	170	2	414	962
0	271	1	3	288	958	1	333	164	1	403	1382
bxyl	QR165	QR84	CO80
0	367	3	1	357	106	0	450	30	0	344	268
0	284	4	2	283	96	0	303	31	0	327	237
0	326	4	2	291	86	0	405	32	1	349	223
0	326	5	3	337	89	0	348	28	1	392	190
0	315	4	3	341	92	1	446	25	1	386	163
0	293	5	3	338	80	0	407	31	1	366	195
0	366	5	4	337	78	0	296	23	2	318	208
0	424	5	3	415	111	1	142	36	1	365	209
bcell	QR165	QR84	CO80
0	375	1	1	393	667	0	274	90	0	347	992
1	300	3	2	333	372	1	263	55	1	298	826
0	298	2	2	357	412	1	291	82	2	285	766
1	321	2	3	337	443	1	359	76	1	252	508
1	325	2	3	371	399	1	272	89	2	250	525
1	314	3	4	277	438	1	420	54	2	239	540
1	313	3	3	350	346	2	298	64	2	270	570
1	316	3	3	368	499	1	344	83	4	382	957
phos	AS30	AS110	QR179
0	298	11	0	346	883	0	381	55	0	325	394
0	262	20	0	359	870	0	253	43	0	305	653
0	335	34	0	285	820	0	344	60	0	286	550
0	300	35	0	328	742	0	298	57	0	299	632
0	206	33	0	302	712	0	282	59	0	264	517
0	197	39	0	314	671	0	263	63	0	305	525
0	215	39	1	270	796	0	328	53	0	238	503
0	321	40	1	410	883	0	286	153	0	329	841
bglu	AS30	AS110	QR179
0	386	0	0	367	1171	0	352	105	0	354	340
0	370	1	0	313	1189	0	371	155	0	299	384
0	469	1	1	356	1063	0	414	126	2	338	308
0	357	2	1	429	1141	0	479	197	1	350	417
0	366	2	2	385	1206	0	269	181	1	357	319
1	304	2	2	293	1150	0	381	161	1	307	421
0	389	3	1	284	805	1	326	261	2	309	438
1	352	3	2	312	1244	1	456	236	1	336	501
lap	AS30	AS110	QR179
0	403	43	0	380	52	0	373	50	0	392	56
0	397	37	0	338	52	0	426	52	0	385	60
0	439	48	0	394	52	0	440	51	3	407	57
0	443	56	0	391	44	0	411	52	0	427	59
0	430	55	0	397	45	0	328	49	0	352	60
0	466	49	1	379	51	0	430	53	0	436	61
0	466	60	0	401	49	0	358	52	0	427	42
0	428	48	2	381	56	0	408	54	1	405	59
nag	AS30	AS110	QR179
0	374	0	0	344	827	0	409	123	0	370	459
0	322	2	1	375	768	0	357	171	0	352	459
0	292	2	1	318	580	0	327	174	1	368	329
0	312	3	1	330	657	1	372	157	1	441	528
0	289	3	1	310	741	1	355	278	1	426	408
2	413	3	2	335	744	1	385	195	0	413	375
1	304	3	1	334	469	1	290	182	2	354	334
1	319	3	1	340	718	1	401	179	1	394	471
bxyl	AS30	AS110	QR179
0	336	4	0	401	93	0	329	23	1	352	47
0	338	5	0	316	66	0	324	15	0	263	30
0	403	7	0	330	73	0	249	13	1	285	26
0	303	7	1	316	64	1	291	25	2	286	70
0	288	6	1	378	59	0	301	18	2	305	38
0	327	7	1	210	78	0	295	20	2	280	37
0	270	8	1	266	72	1	250	15	1	238	32
1	294	5	1	254	122	1	302	22	1	265	35
bcell	AS30	AS110	QR179
0	321	1	0	336	749	0	286	48	0	395	185
0	290	2	1	296	723	0	242	68	0	404	220
0	282	3	1	285	626	1	325	43	1	389	129
0	304	2	2	295	636	1	266	40	1	451	157
0	281	2	1	267	501	1	237	108	1	289	227
1	272	3	1	250	560	1	277	76	1	275	240
0	295	3	1	312	762	1	212	51	2	280	198
1	300	3	1	236	875	1	230	269	1	330	248
