SampleID	wet.wt	dry.wt	perc.moist	perc.dry	enz.raw	enz.wt	volume
QR1	4.6	3.07373494	0	1	0.2026	0.2026	125
QR2	4.34	4.120131148	0.166666667	0.833333333	0.3221	0.268416667	125
QR3	2.17	0.55125	0	1	0.1395	0.1395	125
QR4	2.29	1.349090909	0	1	0.2651	0.2651	125
QR5			#DIV/0!	#DIV/0!		#DIV/0!	
QR6	2.13	0.729411765	0	1	0.2034	0.2034	125
QR7	3.22	2.8209375	0.1	0.9	0.2204	0.19836	125
QR8	5.28	3.654135338	0	1	0.2876	0.2876	125
QR9	3.04	1.604545455	0	1	0.3236	0.3236	125
QR10	4.87	3.986890756	0.25	0.75	0.1971	0.147825	125
QR11	5.04	3.323660477	0.333333333	0.666666667	0.2149	0.143266667	125
QR12	1.9	0.366440678	0	1	0.4861	0.4861	125
QR13	1.99	0.218	0.083333335	0.916666665	0.2624	0.240533333	125
QR14	2.13	0.50313253	-0.1	1.1	0.1898	0.20878	125
QR15	2.44	2.52	0.166666667	0.833333333		0	125
QR16	4.24	3.775878378	0.1	0.9	0.2145	0.19305	125
QR17	4.04	3.676449275	1	0	0.2081	0	125
QR18	4	3.813712375	0.111111111	0.888888889	0.1491	0.132533333	125
QR19	3.19	1.115631579	0	1	0.3279	0.3279	125
QR20	3.02	2.439655172	0.3	0.7	0.3484	0.24388	125
QR21	2.43	0.256	0.09090909	0.90909091		0	125
QR22	2.01	1.882222222	0	1	0.2239	0.2239	125
QR23	2.06	0.655696203	0	1	0.2002	0.2002	125
QR24			#DIV/0!	#DIV/0!		#DIV/0!	125
QR25	4.01	3.668571429	0	1	0.1525	0.1525	125
QR26	2.94	2.552439024	0	1	0.2569	0.2569	125
QR27	2.96	2.176428571	0.285714285	0.714285715	0.2802	0.200142857	125
QR28	2.07	1.096708861	1	0	0.2796	0	125
QR29	2.1	0.684878049	0.25	0.75	0.3023	0.226725	125
QR30	3.44	1.167196262	0.166666667	0.833333333	0.3444	0.287	125
QR31	4.23	3.629322034	0	1	0.15099	0.15099	125
QR32	4	3.796309963	0	1	0.1936	0.1936	125
QR33	3.28	4.841909548	0.473684211	0.526315789	0.2558	0.134631579	125
QR34	3.69	1.884	0.25	0.75	0.3222	0.24165	125
QR35	2.09	0.46325	0.214285714	0.785714286	0.2125	0.166964286	125
QR36	5.28	3.752380952	0.125	0.875	0.317	0.277375	125
QR37	3.51	1.977678571	0.111111111	0.888888889	0.3282	0.291733333	125
QR38	3.1	1.59	0	1	0.2338	0.2338	125
QR39	2.82	1.353137255	0	1	0.219	0.219	125
QR40	2.01	0.446027397	0.199999999	0.800000001		0	125
QR41	3.69	3.945092251	0.307692308	0.692307692	0.1421	0.098376923	125
QR42	2.1	0.721875	0.111111111	0.888888889	0.2163	0.192266667	125
QR43	3.51	1.405227273	0	1	0.2592	0.2592	125
QR44	3.1	1.012747253	0.555555556	0.444444444	0.2785	0.123777778	125
QR45	4.02	5.171386861	0	1	0.193	0.193	125
QR46	4.21	2.1275	0	1	0.4073	0.4073	125
QR47	4.03	3.74	0	1	0.1434	0.1434	125
QR48	3.22	1.111666667	0.357142857	0.642857143	0.261	0.167785714	125
QR49	2.48	1.072916667	0.142857143	0.857142857	0.2542	0.217885714	125
QR50	2.04	1.875	0	1	0.3084	0.3084	125
QR51	3.91	3.480916031	0.111111111	0.888888889	0.18903	0.168026667	125
QR52	3.39	2.257714286	0.111111111	0.888888889	0.2309	0.205244444	125
QR53	2.62	2.06641791	0	1	0.2671	0.2671	125
QR54	4.08	3.982392857	0.375	0.625	0.17618	0.1101125	125
QR55	3.4	1.871320755	0.090909091	0.909090909	0.2381	0.216454545	125
QR56	3.18	1.278181818	0.166666667	0.833333333	0.2381	0.198416667	125
QR57	3.53	3.980533333	0	1	0.1945	0.1945	125
QR58	3.04	2.0025	0.3	0.7	0.2034	0.14238	125
QR59	4.1	3.793392857	0	1	0.2786	0.2786	125
QR60	1.72	0.474418605	0.153846154	0.846153846		0	125
QR61	4.01	3.22804428	0	1		0	125
QR62	3.02	1.249824561	0	1	0.1963	0.1963	125
QR63	5.21	3.497142857	0	1	0.2773	0.2773	125
QR64	8.47	2.648317107	0.333333333	0.666666667	0.2314	0.154266667	125
QR65	2.03	0.617808219	0.062500001	0.937499999	0.2145	0.20109375	125
QR66	3.47	4.044354839	0.1	0.9	0.2416	0.21744	125
QR67	3.59	3.704608696	0.285714286	0.714285714	0.18	0.128571429	125
QR68	3.88	1.670307692	0	1	0.211	0.211	125
QR69	4.15	3.504561404	0.5	0.5	0.2175	0.10875	125
QR70	4.24	4.335204082	0	1	0.2162	0.2162	125
QR71			#DIV/0!	#DIV/0!		#DIV/0!	125
QR72	4.49	3.58659375	0	1	0.2628	0.2628	125
QR73	2.62	1.152537313	0.428571428	0.571428572	0.2944	0.168228572	125
QR74	2.29	1.112727273	0.636363637	0.363636363	0.4191	0.1524	125
QR75	3.98	4.443333333	0.285714286	0.714285714	0.1899	0.135642857	125
QR76	4.38	4.811488673	0.416666667	0.583333333	0.214	0.124833333	125
QR77	2.23	1.962786885	0.181818182	0.818181818	0.3192	0.261163636	125
QR78	3.25	1.874587629	0.090909091	0.909090909	0.2722	0.247454545	125
QR79	2.87	1.379032258	0	1	2353	2353	125
QR80			#DIV/0!	#DIV/0!		#DIV/0!	125
QR81	3.47	4.169447005	0.017492711	0.982507289	0.2293	0.225288921	125
QR82	3.09	0.834033149	0.166666667	0.833333333	0.2145	0.17875	125
QR83	4	5.700147059	0.411764706	0.588235294	0.32209	0.189464706	125
QR84	4.05	5.454782609	0.272727273	0.727272727	0.2216	0.161163636	125
QR85	5.14	9.117746114	0.7	0.3	0.2491	0.07473	125
QR86	3.34	4.236	0.5	0.5	0.4849	0.24245	125
QR87	3.63	1.038638298	0.416666667	0.583333333	0.3563	0.207841666	125
QR88	4.06	4.092753623	0	1	0.26048	0.26048	125
QR89			#DIV/0!	#DIV/0!		#DIV/0!	125
QR90	3.94	3.926917293	0	1	0.1658	0.1658	125
QR91	3.74	2.451673469	0.071428571	0.928571429	0.2866	0.266128571	125
QR92	2.21	0.95516129	0	1	0.1928	0.1928	125
QR93	2.09	0.745925926	0.111111112	0.888888888	0.2334	0.207466666	125
QR94	2.01	2.104109589	0.2	0.8	0.2185	0.1748	125
QR95	3.87	2.5	0.083333333	0.916666667	0.3469	0.317991667	125
QR96	4.3	3.717275748	0.363636364	0.636363636	0.2629	0.1673	125
QR97	3.63	1.857234043	0	1	0.3038	0.3038	125
QR98	3.42	5.138790698	0.71875	0.28125	0.2028	0.0570375	125
QR99	3.48	2.875909091	0.518518518	0.481481482	0.4561	0.219603704	125
QR100	4.77	3	0.368421053	0.631578947	0.2613	0.165031579	125
QR101	3.8	2.034741036	0.181818182	0.818181818	0.2427	0.198572727	125
QR102	4.01	10.35854015	0.705882353	0.294117647	0.34734	0.102158823	125
QR103	3.14	2.505073171	0.111111111	0.888888889	0.1954	0.173688889	125
QR104	3.06	1.816363636	0.3	0.7	0.2471	0.17297	125
QR105	3.32	2.794079602	0.782608696	0.217391304	0.2031	0.044152174	125
QR106	3.57	2.315154185	0.142857143	0.857142857	0.3305	0.283285714	125
QR107	3.1	2.588461538	0.2	0.8	0.2911	0.23288	125
QR108	3.16	1.425957447	0.681818182	0.318181818	0.2347	0.074677273	125
QR109	5.09	3.981530343	0.307692308	0.692307692	0.19475	0.134826923	125
QR110	5.45	4.189661836	0	1	0.2368	0.2368	125
QR111	3.99	1.508740741	0	1	0.2651	0.2651	125
QR112	3.21	5.30984456	0.7	0.3	0.2344	0.07032	125
QR113	3.56	1.466017699	0.25	0.75	0.2607	0.195525	125
QR114			#DIV/0!	#DIV/0!		#DIV/0!	125
QR115	5.24	7.833265823	0.75	0.25	0.3502	0.08755	125
QR116	2.45	0.448275862	0.454545454	0.545454546	0.3395	0.185181819	125
QR117	4.31	6.159801325	0.607142857	0.392857143		0	125
QR118	4.15	3.674479167	0	1	0.23004	0.23004	125
QR119	2.3	1.4554	0.111111111	0.888888889	0.2729	0.242577778	125
QR120	5.41	7.068567961	0.4	0.6	0.3175	0.1905	125
QR121	1.74	0.294782609	0.375000002	0.624999998	0.1804	0.11275	125
QR122	2.45	0.882608696	0.470588236	0.529411764	0.2114	0.111917647	125
QR123	2.55	0.64952381	0.692307692	0.307692308	0.3753	0.115476923	125
QR124	4.82	7.776101695	0.4	0.6	0.3118	0.18708	125
QR125	3.3	2.800990099	0.1	0.9	0.2052	0.18468	125
QR126	1.46	0.06	0.285714283	0.714285717	0.2249	0.160642858	125
QR127	4.1	7.56	0.6	0.4	0.3035	0.1214	125
QR128	2.22	1.305691057	0.222222222	0.777777778	0.265	0.206111111	125
QR129	4.38	3.180868167	0.1	0.9	0.2071	0.18639	125
QR130	4.4	2.776688103	0.444444444	0.555555556	0.19602	0.1089	125
QR131	3.24	2.244848485	0.222222222	0.777777778	0.2322	0.1806	125
QR132	3.18	2.306137566	0.090909091	0.909090909	0.2232	0.202909091	125
QR133	2.88	0.73425	0.588235295	0.411764705	0.3526	0.145188235	125
QR134	3.25	1.000204082	0.076923077	0.923076923	0.3495	0.322615384	125
QR135	4.61	4.302972973	0.5	0.5	0.20386	0.10193	125
QR136	4.19	4.072724138	0.333333333	0.666666667	0.1616	0.107733333	125
QR137	3.53	2.0767713	0	1	0.3147	0.3147	125
QR138	1.46	7.877647059	0.647058824	0.352941176	0.2972	0.104894118	125
QR139	3.61	7.378608696	0.653846154	0.346153846	0.2033	0.070373077	125
QR140	2.94	1.622564103	0.142857143	0.857142857	0.2731	0.234085714	125
QR141	3.91	4.041368821	0.142857143	0.857142857	0.20592	0.176502857	125
QR142	4.15	3.691258741	0.125	0.875	0.1922	0.168175	125
QR143	4.04	0.897536232	0	1		0	125
QR144	3.74	3.771851852	0	1	0.2824	0.2824	125
QR145	3.28	1.3875	0.142857143	0.857142857	0.249	0.213428571	125
QR146	3.07	1.097206704	0.181818182	0.818181818	0.02577	0.021084545	125
QR147	3.97	7.593258427	0.545454545	0.454545455	0.2339	0.106318182	125
QR148	2.04	1.186486486	0.133333333	0.866666667	3075	2665	125
QR149	2.17	1.287640449	0.153846153	0.846153847	0.1982	0.167707692	125
QR150	2.09	0.875925926	-0.083333333	1.083333333	0.2092	0.226633333	125
QR151	3.33	1.049560976	0.400000001	0.599999999	0.2265	0.1359	125
QR152	3.64	3.79809322	0.222222222	0.777777778	0.2268	0.1764	125
QR153	3.17	1.227606383	0.5	0.5	0.3264	0.1632	125
QR154	4.79	3.692857143	0.428571428	0.571428572	0.1803	0.103028571	125
QR155	2.03	0.979759036	0.25	0.75		0	125
QR156	2.49	0.3885	0.090909091	0.909090909	0.1861	0.169181818	125
QR157	4.37	4.435598706	0.285714286	0.714285714	0.2406	0.171857143	125
QR158	2.03	0.6256	-0.2	1.2	0.1971	0.23652	125
QR159	4.04	5.267625899	0.111111111	0.888888889	0.1551	0.137866667	125
QR160	2.24	1.094479167	0	1	0.2017	0.2017	125
QR161	2.26	2.206122449	0.083333333	0.916666667	0.1915	0.175541667	125
QR162	2.54	1.094761905	0	1	0.2554	0.2554	125
QR163	2.29	0.4482	-0.142857142	1.142857142	0.218	0.249142857	125
QR164	2.89	1.954402516	0	1	0.2543	0.2543	125
QR165	2.5	0.32	0.133333334	0.866666666	0.264	0.2288	125
QR166	3.97	3.745799257	0.416666667	0.583333333		0	125
QR167	3.99	6.077977941	0.416666667	0.583333333		0	125
QR168	3.29	3.76137931	0.1	0.9	1661	1494.9	125
QR169	5.5	4.036777251	0.111111111	0.888888889	0.18487	0.164328889	125
QR170	1.96	0.586666667	0.200000001	0.799999999	0.2402	0.19216	125
QR171	2.26	1.006701031	0.181818182	0.818181818	0.2053	0.167972727	125
QR172	2.28	0.58040404	0.230769231	0.769230769	0.248	0.190769231	125
QR173	4.42	4.03629393	0.111111111	0.888888889	0.17426	0.154897778	125
QR174	3.85	3.565898438	0	1	0.223	0.223	125
QR175	2	0.730285714	0.066666666	0.933333334	0.2267	0.211586667	125
QR176	4	5.619601329	0.125	0.875		0	125
QR177	1.64	0.111111111	0.499999996	0.500000005		0	125
QR178	4.58	3.551532033	0	1	0.2078	0.2078	125
QR179	2.11	0.70125	0.111111112	0.888888888	0.1979	0.175911111	125
QR180	3.01	3.779069767	0.285714286	0.714285714	0.2501	0.178642857	125
QR181	2.84	0.795194805	0	1	0.4032	0.4032	125
QR182	2.01	0.34	0.2	0.8	0.3186	0.25488	125
QR183	4.45	3.201550633	0.285714286	0.714285714	0.1943	0.138785714	125
QR184	3.43	2.762850467	0	1	0.356	0.356	125
QR185	2.49	1.52	-0.090909091	1.090909091	0.2686	0.293018182	125
QR186	2.53	0.781451613	0.1	0.9	0.2808	0.25272	125
QR187	2.01	0.564657534	0	1	0.2463	0.2463	125
QR188	4.66	3.66754491	0.111111111	0.888888889	0.2214	0.1968	125
QR189	3.19	3.016354167	0	1	0.4122	0.4122	125
QR190			#DIV/0!	#DIV/0!		#DIV/0!	125
QR191	3.98	3.022361624	0	1	0.189	0.189	125
QR192	2.84	1.232987013	0.357142857	0.642857143	0.2003	0.128764286	125
QR193	2.1	1.338536585	0	1	0.1939	0.1939	125
QR194	2.01	2.170985915	0.111111111	0.888888889	0.2579	0.229244444	125
QR195	2.97	2.483452381	0	1	0.2793	0.2793	125
QR196	2.46	0.403220339	0.500000001	0.499999999		0	125
QR197	3.13	2.127567568	0	1	0.3537	0.3537	125
QR198	4.09	2.827304965	0	1	0.268	0.268	125
QR199			#DIV/0!	#DIV/0!		#DIV/0!	125
QR200	3.28	2.427	0	1	0.5744	0.5744	125
QR201	1.78	0.575	0.1	0.9	0.1354	0.12186	125
QR202	4.01	4.048235294	0	1	0.2602	0.2602	125
QR203	2.35	1.058571429	0.111111111	0.888888889	0.2466	0.2192	125
QR204	4.15	3.587237762	0	1	0.204	0.204	125
CO1			#DIV/0!	#DIV/0!		#DIV/0!	125
CO2	3.11	2.045274725	0.111111111	0.888888889	0.3121	0.277422222	125
CO3	3.89	2.122230769	0.125	0.875	0.2885	0.2524375	125
CO4	2.35	0.836635514	0	1	0.2516	0.2516	125
CO5	3.11	2.190883978	0.153846154	0.846153846	0.3501	0.296238461	125
CO6	3.22	2.229639175	0.25	0.75	0.2846	0.21345	125
CO7	4.49	4.088909657	0.5	0.5	0.22574	0.11287	125
CO8	3.65	1.924957627	0.266666667	0.733333333	0.239	0.175266667	125
CO9	1.58	0.054285714	0.666666667	0.333333333		0	125
CO10	4	3.499191176	0	1	0.159	0.159	125
CO11	3.78	0.823306452	0.333333333	0.666666667	0.5566	0.371066667	125
CO12	4.47	3.5953125	0.125	0.875	0.1815	0.1588125	125
CO13	2.15	1.711363636	0.642857143	0.357142857	0.2145	0.076607143	125
CO14			#DIV/0!	#DIV/0!		#DIV/0!	125
CO15	3.99	5.823431734	0.705882353	0.294117647	0.3311	0.097382353	125
CO16	4.12	2.634893617	0	1	0.18014	0.18014	125
CO17	4.66	4.915502959	0.833333333	0.166666667	0.2843	0.047383333	125
CO18	1.88	0.259180328	0.545454545	0.454545455	0.1581	0.071863636	125
CO19	3.15	1.276470588	0.176470588	0.823529412	0.3097	0.255047059	125
CO20	3.87	1.2553125	0.75	0.25	0.4409	0.110225	125
CO21	1.54	0.08	0.625	0.375		0	125
CO22	4.28	10.4528	0.636363636	0.363636364	0.3303	0.120109091	125
CO23	4.65	2.271160714	-0.111111111	1.111111111	0.3193	0.354777778	125
CO24	3.19	1.685863874	0.565217391	0.434782609	0.2731	0.11873913	125
CO25	4.24	7.25877551	0.529411765	0.470588235	0.3952	0.185976471	125
CO26	2.07	0.377532468	0.076923079	0.923076921	0.1837	0.16956923	125
CO27			#DIV/0!	#DIV/0!		#DIV/0!	125
CO28	2.29	0.323195876	0.818181817	0.181818183	0.1848	0.0336	125
CO29	4.46	2.060314465	0.117647059	0.882352941	0.2946	0.259941176	125
CO30	4.27	3.369899666	-0.2	1.2	0.18035	0.21642	125
CO31	2.14	0.504186047	0.42857143	0.57142857	0.3541	0.202342857	125
CO32	4.14	4.86271777	0.444444444	0.555555556	0.225	0.125	125
CO33	2.99	2.671005917	0.272727273	0.727272727	0.2313	0.168218182	125
CO34	4.15	4.812832168	0.25	0.75	0.2916	0.2187	125
CO35	3.98	2.638888889	0.2	0.8	0.2864	0.22912	125
CO36			#DIV/0!	#DIV/0!		#DIV/0!	125
CO37	2.64	0.789705882	0.222222222	0.777777778	0.2109	0.164033333	125
CO38	4.39	2.456278317	0.388888889	0.611111111	0.2581	0.157727778	125
CO39	3.59	1.658608696	0.368421053	0.631578947	0.2787	0.176021053	125
CO40	3.47	9.766451613	0.862068966	0.137931034	0.3875	0.053448276	125
CO41	4.06	3.686546763	0.444444444	0.555555556	0.2993	0.166277778	125
CO42	2.99	2.044	0.076923077	0.923076923	0.2342	0.216184615	125
CO43			#DIV/0!	#DIV/0!		#DIV/0!	125
CO44	4.11	3.565531915	0.5	0.5	0.2657	0.13285	125
CO45	2.15	1.486860465	0.117647058	0.882352942	0.2556	0.225529412	125
CO46	3.18	1.394444444	0.071428571	0.928571429	0.224	0.208	125
CO47	4.26	5.900204082	0.5	0.5	0.6065	0.30325	125
CO48	4.38	2.904387097	0.5	0.5	0.2214	0.1107	125
CO49	4.24	3.528338983	0.857142857	0.142857143	0.28911	0.041301429	125
CO50	3.43	4.979341564	0.741935484	0.258064516	0.2686	0.069316129	125
CO51	6.3	7.099601594	0.1	0.9	0.28522	0.256698	125
CO52	1.82	0.225454545	0.764705883	0.235294117	0.2304	0.054211764	125
CO53	3.31	1.279207921	0.307692308	0.692307692	0.3526	0.244107692	125
CO54	3.93	8.543056604	0.647058824	0.352941176	0.2886	0.101858824	125
CO55	4.31	3.966655629	0	1		0	125
CO56	2.11	0.350617284	0.200000001	0.799999999	0.19892	0.159136	125
CO57	5.34	4.618719212	0.681818182	0.318181818	0.3559	0.113240909	125
CO58	4.28	3.99833887	0	1	0.23432	0.23432	125
CO59	3.16	1.64631016	0.181818182	0.818181818	0.2621	0.214445455	125
CO60	3	0.985321637	0.181818181	0.818181819	0.3368	0.275563637	125
CO61	3.75	1.924796748	0.235294117	0.764705883	0.2444	0.186894118	125
CO62	3.19	2.994761905	0.434782609	0.565217391	0.2804	0.158486956	125
CO63	3.78	2.35336	0.461538462	0.538461538	0.2136	0.115015385	125
CO64	1.46	0.430588235	0.666666666	0.333333334	0.2013	0.0671	125
CO65	2.27	0.24969697	0.07692308	0.92307692		0	125
CO66			#DIV/0!	#DIV/0!		#DIV/0!	125
CO67	4.18	3.189690722	0	1	0.3118	0.3118	125
CO68			#DIV/0!	#DIV/0!		#DIV/0!	125
CO69	1.88	0.122068966	-0.083333327	1.083333327		0	125
CO70	1.86	0.132241379	0.250000002	0.749999998		0	125
CO71	3.82	3.700787402	0.2	0.8	0.2138	0.17104	125
CO72	1.84	0.278	0	1	0.1972	0.1972	125
CO73	4.13	3.559157895	0.25	0.75	0.1663	0.124725	125
CO74	4.2	3.572646048	0	1	0.1456	0.1456	125
CO75	6.71	1.668379374	0.133333333	0.866666667	0.2443	0.211726667	125
CO76	2.01	0.425	0.125	0.875	0.1933	0.1691375	125
CO77	3.16	0.947315789	0.090909091	0.909090909	0.2175	0.197727273	125
CO78	5.73	3.820224719	0.111111111	0.888888889	22753	20224.88889	125
CO79	1.83	0.295272727	0.076923075	0.923076925		0	125
CO80	4.25	3.686195286	0.2	0.8	0.2377	0.19016	125
CO81	1.92	0.348225806	0	1		0	125
CO82	3.98	2.374126394	0.285714286	0.714285714	0.2103	0.150214286	125
CO83	2.12	1.214457831	0.2	0.8	0.2144	0.17152	125
CO84	2.07	0.24987013	0.333333332	0.666666668	0.199	0.132666667	125
CO85	2.05	0.548571429	0.181818182	0.818181818	0.2653	0.217063636	125
CO86	1.87	0.383333333	0	1	0.222	0.222	125
CO87	5.3	4.012119701	0.142857143	0.857142857	0.2398	0.205542857	125
CO88	1.61	3.934117647	0.1	0.9	0.2924	0.26316	125
CO89	2	0.198028169	0.285714286	0.714285714		0	125
CO90	2.05	0.238918919	0	1		0	125
CO91	4.03	3.035036496	0	1	0.33251	0.33251	125
CO92	2.31	0.48	0.166666667	0.833333333	0.2841	0.23675	125
CO93	4.59	3.829189189	0.1	0.9	0.2664	0.23976	125
CO94	2.91	1.8775	0	1	0.2683	0.2683	125
CO95	1.91	0.361904762	0	1		0	125
CO96	4.31	3.579210526	0.166666666	0.833333334	0.2679	0.22325	125
CO97	3.64	1.586016949	0.25	0.75	0.2172	0.1629	125
CO98	3.51	4.394537445	0.166666667	0.833333333	0.2452	0.204333333	125
CO99			#DIV/0!	#DIV/0!		#DIV/0!	125
CO100	2	0.437183099	0.250000001	0.749999999	0.2756	0.2067	125
CO101	2.17	0.693103448	0.333333332	0.666666668	0.3444	0.2296	125
CO102	2.27	0.339285714	0.18181818	0.81818182	0.2317	0.189572728	125
CO103	3.56	2.055454545	0.076923077	0.923076923	0.3297	0.304338462	125
CO104	2.18	1.521777778	0.066666667	0.933333333	0.2953	0.275613333	125
CO105	2.4	1.129090909	0.083333333	0.916666667	0.252	0.231	125
CO106	4.23	3.241216216	0.222222222	0.777777778	0.2703	0.210233333	125
CO107	6.73	3.719668508	0.2	0.8	0.3281	0.26248	125
CO108	4.7	3.155321637	0	1	0.2364	0.2364	125
CO109	3.98	3.644029851	0	1	0.1779	0.1779	125
CO110	2.34	3.054056604	0.2	0.8	0.201	0.1608	125
CO111	2.92	0.930184049	0.076923077	0.923076923	0.2491	0.229938462	125
CO112	1.82	0.25	0.083333332	0.916666668		0	125
CO113	4.09	3.4875	0.333333333	0.666666667	0.2375	0.158333333	125
CO114	2.82	1.89379085	0.25	0.75	0.2602	0.19515	125
CO115	1.64	0.116285714	0.099999997	0.900000003		0	125
CO116	5.26	3.878972431	0.2	0.8	0.1989	0.15912	125
CO117	4.28	2.010033445	0	1	0.27809	0.27809	125
CO118	4.82	3.730909091	0.3	0.7	0.3782	0.26474	125
CO119	2.72	1.483125	0.363636364	0.636363636	0.2159	0.137390909	125
CO120	3.5	2.648648649	0.529411765	0.470588235	0.1995	0.093882353	125
CO121	4.5	3.373021807	0	1	0.1754	0.1754	125
CO122	2.11	0.549390244	0.117647058	0.882352942	0.216	0.190588235	125
CO123	2.83	1.32869281	0.222222222	0.777777778	0.1914	0.148866667	125
CO124	3.33	2.168292683	0.230769231	0.769230769	0.3617	0.278230769	125
CO125			#DIV/0!	#DIV/0!		#DIV/0!	125
CO126	2.04	0.26	0	1		0	125
CO127	1.66	0.26027027	0.1	0.9	0.1434	0.12906	125
CO128	3.99	3.440848708	0	1	0.2168	0.2168	125
CO129	3.88	1.636923077	0.066666667	0.933333333	0.2481	0.23156	125
CO130	2.08	0.26	0.555555554	0.444444446		0	125
CO131	3.05	2.351123596	0.142857143	0.857142857	0.3079	0.263914286	125
CO132	4.25	3.2775	0.5	0.5	0.218	0.109	125
CO133	3.89	4.264169884	0.307692308	0.692307692	0.1556	0.107723077	125
CO134	1.95	0.509090909	0.133333334	0.866666666		0	125
CO135	4.14	4.149407666	0.285714286	0.714285714	0.22114	0.157957143	125
CO136	5.01	3.349595687	0.454545455	0.545454545	0.2966	0.161781818	125
CO137	1.97	0.344927536	0.133333333	0.866666667		0	125
CO138	1.91	0.483870968	0.25	0.75	0.2081	0.156075	125
CO139	2.12	1.364146341	0.083333333	0.916666667	0.1796	0.164633333	125
CO140	1.82	0.401509434	0	1	0.3077	0.3077	125
CO141	2.08	0.346375	0.222222222	0.777777778	0.2906	0.226022222	125
CO142	4.37	3.067184466	0	1	0.1793	0.1793	125
CO143	1.74	0.311304348	0.285714288	0.714285712	0.29	0.207142857	125
CO144	3.75	3.627909836	0	1	0.1934	0.1934	125
CO145	3.57	2.142035398	0.8125	0.1875	0.346	0.064875	125
CO146	4.69	3.400941176	0.25	0.75	0.2616	0.1962	125
CO147	1.85	0.235714286	0.166666669	0.833333331	0.1564	0.130333333	125
CO148	2.63	0.348656716	0.058823528	0.941176472		0	125
CO149	2.8	0.830328947	0	1	0.246	0.246	125
CO150	2.68	0.289855072	0.25	0.75		0	125
CO151	1.86	0.243333333	0.166666665	0.833333335		0	125
CO152	3.51	2.591210762	0.222222222	0.777777778	0.3668	0.285288889	125
CO153	1.69	0.11	0.444444445	0.555555555		0	125
CO154	3.61	2.519742489	0.181818182	0.818181818	0.2859	0.233918182	125
CO155	4.7	3.563647059	0.1	0.9	0.2278	0.20502	125
CO156	2.77	0.8256	0.2	0.8	0.2442	0.19536	125
CO157	4	3.669087591	0	1	0.1603	0.1603	125
CO158	5.3	4.081795511	0	1	0.1617	0.1617	125
CO159	2.27	0.153163265	0.437499997	0.562500003		0	125
CO160	1.68	0.447073171	0.400000001	0.599999999		0	125
CO161	4.03	4.299781818	0.375	0.625	0.236	0.1475	125
CO162	5.85	2.19571116	0	1	0.3807	0.3807	125
CO163	2.82	0.794771242	0.52631579	0.47368421		0	125
CO164	2.13	0.675903614	0.249999999	0.750000001	0.2456	0.1842	125
CO165	4.01	4.163823529	0	1	0.1896	0.1896	125
CO166	2.04	0.143636364	0.461538465	0.538461535		0	125
CO167	1.91	0.44	0.272727273	0.727272727	0.2296	0.166981818	125
CO168	4.29	3.597	0.333333333	0.666666667	0.6407	0.427133333	125
CO169	2.56	1.0275	0.222222222	0.777777778	0.21	0.163333333	125
CO170	2.06	0.577307692	0.124999999	0.875000001	0.1947	0.1703625	125
CO171	1.98	0.295857143	0	1	0.288	0.288	125
CO172	4.19	4.159446367	0.25	0.75	0.2603	0.195225	125
CO173	4.39	2.926319218	0.166666666	0.833333334	0.2603	0.216916667	125
CO174	4.02	3.969889299	0	1	0.3653	0.3653	125
CO175	3.07	7.391884058	0.71875	0.28125	0.2511	0.070621875	125
CO176	2.1	0.31	0.066666668	0.933333332	0.4268	0.398346666	125
CO177	1.82	0.344878049	0.153846156	0.846153844		0	125
CO178	5.21	10.81616368	0.588235294	0.411764706		0	125
CO179	4.92	3.687768595	0.428571429	0.571428571	0.3238	0.185028571	125
CO180	3.97	2.55762963	0	1	0.2793	0.2793	125
CO181	2.59	0.276923077	0	1		0	125
CO182	2.17	0.34137931	0.11111111	0.88888889		0	125
CO183	2.77	1.243401361	0.052631579	0.947368421	0.2913	0.275968421	125
CO184	3.09	1.549723757	1.1	-0.1	0.1929	-0.01929	125
CO185	2.05	0.471298701	0.375	0.625	0.2149	0.1343125	125
CO186	1.91	0.3046875	0.142857144	0.857142856	0.1746	0.149657143	125
CO187	4.65	3.33125	0	1	0.2014	0.2014	125
CO188	2.29	1.214545455	-0.076923077	1.076923077	0.2124	0.228738461	125
CO189	4.65	3.467240356	0	1	0.2395	0.2395	125
CO190	4	3.694301471	0.142857143	0.857142857	0.1607	0.137742857	125
CO191	2.14	0.893793103	0.11111111	0.88888889	0.2379	0.211466667	125
CO192	3.29	1.491940299	0.25	0.75	0.2781	0.208575	125
CO193	2.23	0.196195652	0.299999997	0.700000003		0	125
CO194	2.01	0.510277778	0.23076923	0.76923077	0.2001	0.153923077	125
CO195	3.3	-0.226865672	0.083333335	0.916666665		0	125
CO196	5.42	3.872451456	0.2	0.8	0.2263	0.18104	125
CO197	4.04	2.400652174	0	1	0.16949	0.16949	125
CO198			#DIV/0!	#DIV/0!		#DIV/0!	125
CO199	4.01	3.801648352	0	1	0.27	0.27	125
CO200	4.11	4.867526502	0	1		0	125
CO201	2.03	0.552911392	0.066666666	0.933333334	0.1868	0.174346667	125
CO202			#DIV/0!	#DIV/0!		#DIV/0!	125
CO203	1.65	0.14	0.090909093	0.909090907		0	125
CO204	1.42	0.046428571	4.000000022	-3.000000022		0	125
AS1	3.21	1.687724868	0.181818182	0.818181818	0.2493	0.203972727	125
AS2	1.79	0.2096	0.166666665	0.833333335	0.2035	0.169583334	125
AS3	3.78	0.54472	0.1	0.9		0	125
AS4	4.17	2.630833333	0	1	0.2494	0.2494	125
AS5	4.43	2.933333333	0	1	0.2281	0.2281	125
AS6	2	0.133098592	0.125	0.875	0.2042	0.178675	125
AS7	2.34	0.551730769	0.222222221	0.777777779	0.2443	0.190011111	125
AS8	2.43	0.413839286	0	1	0.2677	0.2677	125
AS9	3.78	2.34304	0.142857143	0.857142857	0.2356	0.201942857	125
AS10	2.06	0.148571429	0.125000003	0.874999997		0	125
AS11	3.55	1.493303965	0.090909091	0.909090909	0.2594	0.235818182	125
AS12	5.15	2.212248062	0.833333333	0.166666667	0.1617	0.02695	125
AS13	2.09	0.584074074	0.142857142	0.857142858	0.3049	0.261342857	125
AS14	4.8	3.225714286	0.272727273	0.727272727	0.3229	0.234836364	125
AS15	3.87	0.80077821	0.555555555	0.444444445	0.37	0.164444445	125
AS16	2.54	1.390327869	0.3	0.7	0.3254	0.22778	125
AS17	1.25	0.13	0	1		0	125
AS18	3	0.438235294	0	1	0.2179	0.2179	125
AS19	2.99	0.414035088	0.200000001	0.799999999	0.2955	0.2364	125
AS20	4.08	2.509784946	0.111111111	0.888888889	0.1987	0.176622222	125
AS21	2.84	0.752903226	0.400000001	0.599999999	0.2276	0.13656	125
AS22	2.36	1.634285714	0.111111111	0.888888889	0.2597	0.230844445	125
AS23	3	1.028901734	0	1	0.252	0.252	125
AS24	3.98	2.843796992	0.222222222	0.777777778	0.3048	0.237066667	125
AS25	3.02	0.792485549	0.499999999	0.500000001	0.3034	0.1517	125
AS26	3.99	2.59	0.125	0.875	0.2034	0.177975	125
AS27	5.42	5.731084337	0.777777778	0.222222222	0.3278	0.072844444	125
AS28	5.34	2.420965347	0	1	0.2692	0.2692	125
AS29	3.14	1.379032258	0.2	0.8	0.2931	0.23448	125
AS30	4.44	2.257845659	0.571428571	0.428571429	0.3537	0.151585714	125
AS31	3.92	2.871863118	0.2	0.8	0.2161	0.17288	125
AS32	5.45	5.985542169	0.6	0.4	0.443	0.1772	125
AS33	3.15	1.127903226	0.142857143	0.857142857	0.2335	0.200142857	125
AS34	3.12	1.037213115	0.363636364	0.636363636	0.2748	0.174872727	125
AS35	3.99	2.65260223	0.5	0.5	0.1655	0.08275	125
AS36	3.88	1.364980545	0.266666667	0.733333333	0.3572	0.261946667	125
AS37	3.99	3.392397004	0	1	0.3213	0.3213	125
AS38	2.04	0.3024	0.961538462	0.038461538		0	125
AS39	4.26	2.931672241	0	1	0.2036	0.2036	125
AS40	3.92	3.813664122	0.5	0.5	0.1883	0.09415	125
AS41	4.02	2.702324723	0.428571429	0.571428571	0.1986	0.113485714	125
AS42	4.32	6.145313531	0.8125	0.1875	0.2878	0.0539625	125
AS43	3	1.278953488	0.111111111	0.888888889	0.2791	0.248088889	125
AS44			#DIV/0!	#DIV/0!		#DIV/0!	125
AS45	1.58	0.217241379	0.250000001	0.749999999	0.2041	0.153075	125
AS46	2.12	1.531084337	0.272727272	0.727272728	0.277	0.201454546	125
AS47	1.58	0.355862069	0.599999999	0.400000001		0	125
AS48	5.25	2.940429293	0.5	0.5	0.335	0.1675	125
AS49	4.02	10.49573529	0.826086956	0.173913044	0.4007	0.069686957	125
AS50	2.8	1.812763158	0.5	0.5	0.2583	0.12915	125
AS51	1.73	-1.297608696	0.272727273	0.727272727	0.1688	0.122763636	125
AS52	2.1	0.13	0.125	0.875		0	125
AS53	2.4	1.036363636	0.65	0.35	0.2657	0.092995	125
AS54	3.11	2.604808743	0.689655173	0.310344827	0.2275	0.070603448	125
AS55	2.22	1.696808511	0.333333333	0.666666667	0.3098	0.206533333	125
AS56	2.25	0.453229167	0.611111111	0.388888889	0.4146	0.161233333	125
AS57	4.04	7.420289855	0.8	0.2	0.333	0.0666	125
AS58	5.43	3.511815981	0	1		0	125
AS59	3.25	0.922538071	0	1	0.3177	0.3177	125
AS60	4.48	2.171	0.307692308	0.692307692	0.3174	0.219738462	125
AS61	6.32	3.762599206	0.25	0.75	0.20993	0.1574475	125
AS62	2.37	0.232149533	0.200000002	0.799999998	0.2197	0.17576	125
AS63	2.91	2.377300613	0.384615384	0.615384616	0.2842	0.174892308	125
AS64			#DIV/0!	#DIV/0!		#DIV/0!	125
AS65	3.95	3.202406015	0.142857143	0.857142857	0.1903	0.163114286	125
AS66	7.1	11.77718696	0.866666667	0.133333333	0.3177	0.04236	125
AS67	3.49	1.481136364	0.375	0.625	0.2501	0.1563125	125
AS68	4	2.540590406	0.142857143	0.857142857	0.3728	0.319542857	125
AS69	4.02	7.907372263	0.85	0.15	0.36838	0.055257	125
AS70	4.2	2.823230241	0.25	0.75	0.2163	0.162225	125
AS71	1.8	0.1802	0.647058824	0.352941176		0	125
AS72	2.14	0.456904762	0.230769232	0.769230768	0.2797	0.215153846	125
AS73	3.29	1.647761194	0.3125	0.6875	0.2214	0.1522125	125
AS74	3.97	2.8375	0.166666667	0.833333333	0.2335	0.194583333	125
AS75	3.16	2.042659574	0.5	0.5	0.3127	0.15635	125
AS76	4.01	2.335384615	0.25	0.75	0.2446	0.18345	125
AS77	3.23	1.731139896	0.1	0.9	0.3304	0.29736	125
AS78	3.53	2.4592	0.590909091	0.409090909	0.3395	0.138886364	125
AS79	3.51	1.114932127	0.222222222	0.777777778	0.2727	0.2121	125
AS80	2.72	0.684722222	0.709677419	0.290322581	0.4622	0.134187097	125
AS81	3.51	2.020580357	0	1	0.2753	0.2753	125
AS82	1.94	0.273787879	0.200000001	0.799999999	0.2855	0.2284	125
AS83	1.9	0.794098361	0	1	0.3973	0.3973	125
AS84	4.54	2.060092593	0.142857143	0.857142857	0.2741	0.234942857	125
AS85	1.87	0.14	0.214285714	0.785714286		0	125
AS86	2.3	2.563663366	0.416666667	0.583333333	0.204	0.119	125
AS87	2.15	0.19	0.375	0.625	0.2999	0.1874375	125
AS88	1.55	0.08	0	1		0	125
AS89	3.92	0.398060837	0.250000002	0.749999998	0.3348	0.251099999	125
AS90			#DIV/0!	#DIV/0!		#DIV/0!	125
AS91	2	0.437183099	0.250000001	0.749999999	0.3184	0.2388	125
AS92			#DIV/0!	#DIV/0!		#DIV/0!	125
AS93	6.13	2.989958678	0.142857143	0.857142857	0.17169	0.147162857	125
AS94	4.19	4.68	0.625	0.375	0.3488	0.1308	125
AS95	2.87	0.778343949	0.400000001	0.599999999		0	125
AS96	4.17	3.125888502	0.4	0.6	0.2315	0.1389	125
AS97	2.76	1.601351351	0.357142857	0.642857143	0.2297	0.147664286	125
AS98	4.12	2.650918728	0.333333333	0.666666667	0.2672	0.178133333	125
AS99	3.94	1.603082707	0.230769231	0.769230769	0.346	0.266153846	125
AS100	2.28	1.416666667	0.181818182	0.818181818	0.2221	0.181718182	125
AS101	2.04	0.489210526	0.307692306	0.692307694	0.2019	0.139776923	125
AS102	1.43	0.057142857	0.800000007	0.199999993		0	125
AS103	2.02	0.392876712	0.400000001	0.599999999	0.2464	0.14784	125
AS104	3.16	1.752299465	0.1	0.9	0.279	0.2511	125
AS105	1.36	0.01	1	0		0	125
AS106	2.03	0.887466667	-0.142857142	1.142857142	0.8224	0.939885714	125
AS107			#DIV/0!	#DIV/0!		#DIV/0!	125
AS108	4.36	0.93732899	0.2	0.8	0.4188	0.33504	125
AS109			#DIV/0!	#DIV/0!		#DIV/0!	125
AS110	2.16	1.097093023	0.807692307	0.192307693	0.3993	0.076788462	125
AS111	7.65	2.92477237	0.272727272	0.727272728	0.22313	0.162276364	125
AS112	4.38	2.99483871	0	1	0.191	0.191	125
AS113	2.08	0.788961039	-0.166666666	1.166666666	0.2483	0.289683333	125
AS114	3.18	0.882978723	0.307692308	0.692307692	0.3204	0.221815385	125
AS115	1.99	0.14	0.090909093	0.909090907	0.4583	0.416636363	125
AS116	5.3	2.202	0	1		0	125
AS117	3.24	1.419183673	0.166666667	0.833333333	0.3698	0.308166667	125
AS118	3.56	1.984628821	0.272727273	0.727272727	0.2243	0.163127273	125
AS119	2.07	0.168205128	0	1		0	125
AS120	3.25	4.417085427	0.653846154	0.346153846	0.305	0.105576923	125
AS121	4.29	3.7525	0	1	0.1885	0.1885	125
AS122	4.39	2.308446602	0.125	0.875	0.2372	0.20755	125
AS123	3.96	2.992238806	0	1	0.2114	0.2114	125
AS124	3.13	2.097580645	0.222222222	0.777777778	0.2319	0.180366667	125
AS125	1.53	0.678	0.666666667	0.333333333	0.1762	0.058733333	125
AS126	2	0.342222222	0	1	0.1956	0.1956	125
AS127	2.92	1.038292683	0	1	0.2354	0.2354	125
AS128	4.07	3.018844765	0.333333333	0.666666667	0.3185	0.212333333	125
AS129	2.07	1.068987342	0.111111112	0.888888888	0.1974	0.175466667	125
AS130	4.14	3.107727273	0	1	0.2516	0.2516	125
AS131	2.9	0.812901235	0.2	0.8	0.197	0.1576	125
AS132	4.36	2.867514793	0	1	0.1971	0.1971	125
AS133	5.22	2.6756743	0.333333333	0.666666667	0.2178	0.1452	125
AS134	2.13	1.666506024	0.375	0.625	0.2166	0.135375	125
AS135	2.41	0.232300885	0.100000002	0.899999998	0.3372	0.303479999	125
AS136	2.37	0.682181818	0	1	0.366	0.366	125
AS137	1.4	0.03	0.333333333	0.666666667		0	125
AS138	2.14	1.042674419	0.25	0.75	0.2503	0.187725	125
AS139	2	2.646407767	0	1	0.3007	0.3007	125
AS140	3.46	1.946422018	0.25	0.75	0.2936	0.2202	125
AS141	4.18	3.026185567	0	1	0.3582	0.3582	125
AS142			#DIV/0!	#DIV/0!		#DIV/0!	125
AS143	3.09	1.266	0.222222222	0.777777778	0.2034	0.1582	125
AS144	3.05	3.2984	0	1	0.2428	0.2428	125
AS145	3.09	2.636022099	0.4375	0.5625	0.2596	0.146025	125
AS146	3.98	2.611375465	0	1	0.2718	0.2718	125
AS147	4.45	3.592176656	0.125	0.875	0.2517	0.2202375	125
AS148	4.66	1.846309524	0.111111111	0.888888889	0.2501	0.222311111	125
AS149	3.21	1.020833333	0	1	0.3295	0.3295	125
AS150			#DIV/0!	#DIV/0!		#DIV/0!	125
AS151	3.23	0.671658031	0.769230769	0.230769231	0.2655	0.061269231	125
AS152	2.76	0.429795918	0	1	0.152	0.152	125
AS153	3.95	3.415488722	0.75	0.25	0.21	0.0525	125
AS154	3.32	2.009655172	0.1	0.9	0.2567	0.23103	125
AS155	2.3	0.718431373	0	1	0.2148	0.2148	125
AS156	4.39	2.956116505	0.833333333	0.166666667	0.251	0.041833333	125
AS157	2.56	0.906692913	0.70967742	0.29032258	0.3137	0.091074193	125
AS158	2.67	0.827205882	0.142857143	0.857142857	0.2673	0.229114286	125
AS159	2.07	0.681558442	0.142857143	0.857142857	0.2311	0.198085714	125
AS160	3.13	0.596467391	0	1	0.3792	0.3792	125
AS161	3.13	0.919565217	0	1		0	125
AS162	3.22	1.395463918	0.25	0.75	0.1921	0.144075	125
AS163	4.89	2.608642659	0	1	0.3395	0.3395	125
AS164	3.2	1.320207254	0.2	0.8	0.326	0.2608	125
AS165	1.96	0.471470588	0	1	0.2409	0.2409	125
AS166	5.34	3.014851485	0.333333333	0.666666667	0.3061	0.204066667	125
AS167	4.16	2.935191638	0	1	0.2244	0.2244	125
AS168	2.26	0.315051546	0.22222222	0.77777778	0.2978	0.231622223	125
AS169	2.21	0.181086957	0	1	0.204	0.204	125
AS170	4.4	3.225	0	1	0.27582	0.27582	125
AS171	4.03	2.635897436	0	1	0.2554	0.2554	125
AS172	4.25	2.990340136	0.454545454	0.545454546	0.3821	0.208418182	125
AS173	2.1	0.344878049	0.249999999	0.750000001	0.2774	0.20805	125
AS174	1.94	1.033846154	0	1	0.1727	0.1727	125
AS175	3.9	3.027181467	0.333333333	0.666666667	0.2557	0.170466667	125
AS176	3.08	1.226815642	0.2	0.8	0.3047	0.24376	125
AS177	4.29	1.61187291	0.153846154	0.846153846	0.279	0.236076923	125
AS178	3.74	2.698340081	0	1	0.1787	0.1787	125
AS179			#DIV/0!	#DIV/0!		#DIV/0!	125
AS180	2.59	0.658484848	0.756756757	0.243243243	0.3254	0.079151351	125
AS181	5.06	2.776781003	0.166666667	0.833333333	0.2251	0.187583333	125
AS182	2.01	-0.293835616	0.111111108	0.888888892	0.2467	0.21928889	125
AS183	3.1	0.59967033	0.250000001	0.749999999	0.3254	0.24405	125
AS184	4.88	3.303351955	0.571428571	0.428571429	0.2806	0.120257143	125
AS185	2.39	0.998035714	0.875	0.125	0.2583	0.0322875	125
AS186	1.98	0.188059701	0.363636365	0.636363635		0	125
AS187	4.35	1.834491803	0.3	0.7	0.25011	0.175077	125
AS188	4	2.441174497	0.545454546	0.454545454	0.2123	0.0965	125
AS189	1.75	0.163829787	0.22222222	0.77777778		0	125
AS190	2.07	0.445	0.3	0.7	0.2209	0.15463	125
AS191	2.18	0.786666667	0.285714286	0.714285714	0.2067	0.147642857	125
AS192	2.12	0.207857143	0.285714285	0.714285715		0	125
AS193	4.35	2.572712418	0.125	0.875	0.2854	0.249725	125
AS194	3.13	0.656864865	0	1	0.3154	0.3154	125
AS195	4.12	3.532042254	0.285714286	0.714285714	0.2025	0.144642857	125
AS196	2.28	1.2	0.090909091	0.909090909	0.1966	0.178727273	125
AS197	4.74	2.564186047	0	1	0.2434	0.2434	125
AS198	4.44	2.917714286	0	1	0.2068	0.2068	125
AS199	2.18	0.954831461	0.428571428	0.571428572	0.178	0.101714286	125
AS200	3.9	2.177186312	0.25	0.75	0.3902	0.29265	125
AS201	2.81	1.318421053	-0.230769231	1.230769231	0.2568	0.316061538	125
AS202			#DIV/0!	#DIV/0!		#DIV/0!	125
AS203	2.22	0.221538462	0.82352941	0.17647059		0	125
AS204	4.07	2.712841727	0.222222222	0.777777778	0.1346	0.104688889	125
